9.965153095716676	13.104604882221235	1
8.98869418366157	14.707056137062755	1
8.894563672934508	6.832837555571978	0
9.624000650405993	7.412017854895855	0
7.9207761612268515	7.220085644136711	0
7.676561760717278	7.427983883366153	0
8.347509118113376	5.997084165988969	0
8.8883373729482	7.082132709523609	0
8.459757376879686	7.602520264492458	0
7.801468505965812	8.043805963370321	0
7.501642648066301	13.43642430481265	1
9.704342928673825	5.308260087152398	0
10.371604101119788	14.463417227541328	1
8.77643286034063	14.951461218512241	1
7.5900882145409305	6.775523663660962	0
8.809802506702479	13.699913853832596	1
8.864107104383873	6.383753878766808	0
8.29620177416821	12.350342781586871	1
10.70735628987568	13.482208697160003	1
8.967320841281332	6.619774211862897	0
8.61405308903534	16.28997773066212	1
7.224888711700427	7.529843229101044	0
9.890460160323071	13.230101418047138	1
10.341356370427714	5.910905132966381	0
8.428354954008505	14.889800237337269	1
6.883056681276943	6.058514377057122	0
8.123353312629678	6.595495209991495	0
7.449623541006727	5.875418488896501	0
8.115897544245422	8.711848123179994	0
7.531499853311252	14.811221983624133	1
11.288299361038238	13.317466112929944	1
8.941069313844979	13.284125564095348	1
7.630786508388572	6.323082194251464	0
8.994798819485203	7.631241471379279	0
9.140019455727122	15.73180950774099	1
7.529760307955285	5.8707035521870345	0
9.113175620555957	14.778323285402125	1
9.187525146003978	12.367787932586369	1
8.295410004470712	6.687861696514928	0
6.953460087290983	7.171852112351703	0
8.691340555653278	12.932192415293313	1
9.774875065528011	7.99758259372989	0
9.37817841687772	6.1974513184922335	0
8.856568489723895	11.949742459919658	1
8.80050517990305	12.742502495245615	1
7.65268173225366	14.234646876326938	1
6.840177303717972	8.2725570986115	0
8.784006832160548	12.486351559914393	1
7.726544038352919	4.289402139915936	0
8.160498703874346	13.308642137227274	1
7.793158894287439	6.399229508545798	0
8.580957196020101	13.762725972021334	1
8.58812733817456	12.264459462047538	1
7.091181894054433	6.515558405960981	0
6.584582549510803	7.499536737079685	0
7.93636231191585	6.277967387308738	0
8.771423725376899	6.603545163832096	0
9.147807828782033	14.888134959095055	1
9.204281213325412	5.684072043140523	0
9.943529928381848	12.359637400598725	1
8.843762339242318	12.814081618238019	1
8.040670619817243	7.7418633803151735	0
8.149010640716893	14.876652096497343	1
10.037390747104311	12.845098805408258	1
10.52475638127004	13.61827628484477	1
7.575978014727188	7.322390285083995	0
9.672199839688126	6.754217265894829	0
9.08718158720368	6.950971396959832	0
7.321902951009724	6.838985394804981	0
9.090169570139139	7.009470073596975	0
7.598260328079771	5.811108972994226	0
8.318957743524548	15.54647275375286	1
9.484521290228438	11.997712361398463	1
8.452332887947852	5.514804302410261	0
8.995355421350183	5.927163427308671	0
8.86182176042539	13.681146349383704	1
8.018256783622638	6.6937225064113255	0
7.915579913537054	7.3152591246436725	0
5.8644905534526774	6.169793589104886	0
6.330937457133192	8.12235503126004	0
10.625838058376639	14.266245258675742	1
10.218337761981681	5.902896664247097	0
8.618346082171035	5.660324083530411	0
7.9205969420432165	8.383080693219881	0
8.841064764096652	13.83049332563136	1
8.978980415498366	13.096940135053273	1
8.857287075801523	11.61513474647312	1
8.561435285085802	5.366138686855129	0
8.612030432290808	15.700166583231416	1
9.392476544399681	13.372734182310664	1
11.479813334741971	15.100542382911563	1
9.856809521202564	15.082299530533058	1
10.943132933483708	13.247758470975825	1
10.561957962222143	13.215371142794385	1
8.466096798802543	15.180220859113547	1
6.877900615618815	3.8826361040207202	0
7.731652897899745	7.325079750046989	0
7.596703363578625	14.127894861406956	1
7.615900213402234	14.22758344690889	1
9.24438641632277	5.57671096592169	0
9.2718212747019	6.477969239614508	0
6.330427579598189	8.862238505673101	0
8.116231082611932	12.852097185566487	1
9.697098253780904	15.277396085167586	1
9.9204061552262	13.381660274223073	1
7.486678599583796	7.547727688617587	0
9.94865241167866	6.167585290762173	0
8.744236758186739	12.261097846005132	1
9.30048443652583	15.2459620260054	1
7.381847224763982	11.743887360648666	1
9.851716166329208	12.630305804088998	1
7.8602177496084815	7.854394300081932	0
11.304913425643342	13.903445155471259	1
8.78390671333867	6.442749496780844	0
6.631281285636287	5.94715121739064	0
7.267460983052423	6.629889612996165	0
8.882131468203474	13.720128577030968	1
9.508420465374838	13.96566769576296	1
8.234587086397655	14.216902374559774	1
8.116879314782175	6.556078825787646	0
9.512466918990972	12.683682294239441	1
9.74816182373236	13.539769741402667	1
9.171415269728037	13.390389660687863	1
8.509676122131994	8.511158547156901	0
7.600087963533433	13.552394352392561	1
10.228093456942965	13.688555653176104	1
7.176766801398654	15.802967164346562	1
9.091730579814989	6.251078418833449	0
8.248188914246876	5.963634992976386	0
9.428785473220827	14.8164353742483	1
9.767776883839707	13.865877268481267	1
8.648375587152865	5.891150779460697	0
8.03179253511478	14.19502902940034	1
8.40023319768145	6.297308065047895	0
8.038368358738483	5.984630225600785	0
9.256757687066015	14.080452615253117	1
9.625313972952062	6.294545534888131	0
8.464242029594166	5.203162566084103	0
9.176732336573115	14.24355135900968	1
8.772730890839256	14.02810172696303	1
8.28471764080867	5.696863289784157	0
10.732271285195734	13.364961024957436	1
8.865957342172921	7.566398243816261	0
6.3523022263350475	6.248356877056419	0
9.083249152445891	13.35048340533132	1
8.016990551691263	14.44584543938702	1
6.9221651212397965	8.006131236119037	0
10.492182698249358	12.94620325336354	1
7.592974705388135	5.79728448566634	0
8.903048842131119	14.245862273055568	1
8.9640941498554	7.565698477440749	0
7.661059953911538	5.99767053690645	0
10.62213925508315	13.65618613556611	1
8.835582148347887	13.972147104843733	1
9.04814707031035	5.137178742497412	0
8.237588977694754	6.7849181562226155	0
7.967253875885033	5.419099977820115	0
8.105128779492908	14.129197192570153	1
7.899076931566607	6.153746503934412	0
9.997835198996313	13.456666062288805	1
8.794447882552499	5.805641159803746	0
6.548206948069571	6.143760067967805	0
9.260572430133994	5.937078112845009	0
9.376899904665837	6.58478624738207	0
10.801376376095394	13.135350372582263	1
6.792671804375286	5.543048446748012	0
8.462089905517693	14.929036106972765	1
8.688014664207076	11.679624743561778	1
9.08970862201473	7.2457555808522365	0
7.195928354788795	7.3337204452642375	0
8.174583775944045	13.541005196507594	1
7.263543011313854	14.982077291921108	1
9.709680724719052	14.207266179256376	1
7.504755670465879	5.8723347993543	0
9.572057116090795	12.984920177843062	1
10.310540823871944	13.016710971502446	1
7.4728280822987365	7.644930316216817	0
9.473787973090614	13.534037024239405	1
10.619894605183038	12.945681198835242	1
6.9861514202949575	8.184797106160351	0
8.416941419017475	6.244775402233394	0
8.604945714668627	6.837785768956126	0
9.934301775105856	5.1275822615225275	0
8.760344693509012	4.730751292640589	0
6.5679688297627585	7.7775091294011265	0
7.639417737459637	13.529903029381577	1
9.007432589813522	14.213865968764681	1
9.373706738653663	12.965235997492842	1
8.684559355876619	12.851666796173204	1
8.486826198874311	12.475269427147767	1
9.855322338974542	13.206521211443233	1
8.819494210724102	5.060724765969352	0
9.507651805032113	13.946000642857388	1
8.769627373466783	12.186608718781661	1
8.856925537421658	7.76748540061805	0
9.108429578939257	7.954956950248128	0
9.019821754973613	6.960897626815244	0
7.732760758362603	6.464061076743481	0
9.510896590970766	11.804967554242527	1
8.468823303301969	13.827140144693425	1
8.28315360405095	7.8826394057637446	0
8.207421966668637	7.093724397992382	0
7.870428897816169	5.25630445700146	0
9.753300933662171	13.636277542050948	1
9.487929921101536	13.026054162608684	1
7.496202232150212	6.593801609123917	0
7.319318331637826	7.186966883461167	0
10.368963864221286	16.50588229498463	1
8.381135466860915	6.035851705245106	0
9.558055587542148	7.255574167864706	0
7.64635987610439	7.1648867551936695	0
8.85875983233139	5.838553243538304	0
8.33619608506653	5.115329313940816	0
9.563696492139773	15.025800090186005	1
7.562761389236431	13.20224455443678	1
8.858952719774537	15.001270181203672	1
8.191863196212154	5.201683506112487	0
8.897462457089313	5.6382506434199104	0
8.828229366181876	4.930239205525059	0
9.296743515843549	5.605803614773258	0
10.654966297407366	12.495254367072974	1
9.686208687492307	11.779740666971035	1
8.108954720407763	14.906826971386085	1
9.001514929752966	15.23869227644214	1
8.976558319025678	14.02776053762914	1
8.324890999657201	13.447367465058699	1
10.0115370629849	14.56675187522482	1
9.152445819549373	13.122411708360653	1
10.368072252010663	13.607090233847595	1
7.341092354587517	7.808150933205181	0
9.715467136067035	6.6818897704133615	0
9.65697616773673	12.035315249555019	1
10.355979874443717	14.083429575844894	1
7.030893672619644	13.494765348997706	1
10.895166191865918	15.681022330981104	1
9.023041160655096	12.187077718125362	1
8.552944213657776	11.433940487850185	1
7.841801640043897	5.414556488487684	0
10.689826402767673	15.42945248234051	1
7.679207521286876	7.6732527623360145	0
11.151658024187968	4.861132205664932	0
9.83015402212943	13.508263886321883	1
8.518366196460539	7.622264385044175	0
7.26380187746013	7.0534995131580445	0
8.337821089204828	15.19862544651679	1
8.321598086731527	12.407486450028943	1
7.096423097661889	5.256659819479774	0
8.129295563379822	12.527729921830405	1
8.471282861161622	11.040598042854645	1
8.504626082062268	13.379304960066943	1
7.027744628496692	13.373920459301017	1
8.260468679963951	4.928298256147265	0
8.756036906638029	14.592958579024238	1
11.477295295985458	14.422032976765387	1
9.276881449172551	6.282145605506397	0
10.331790232186417	14.220949645083996	1
9.650870063679779	6.45842212607188	0
7.507550401259515	7.686803752768708	0
8.690540292137843	6.914035330661864	0
7.895842684202267	13.676449468826627	1
8.241470604289029	12.484320800797521	1
7.533592188944251	15.78699413782292	1
9.30592507361202	7.977912280493432	0
8.386068265184903	7.335706531059753	0
8.96852111822366	14.28558248722967	1
9.254762577157315	5.978733298081963	0
8.852937457157942	13.263243808368323	1
12.89040619005754	14.322642119878385	1
7.417568238761879	13.614404116014766	1
6.541570792597051	6.476407410156382	0
9.328595538182224	7.858404940231904	0
8.281467124274494	7.063731272131552	0
8.66408117992289	5.351718103889547	0
9.987289712449003	12.737182693693978	1
9.786959233751613	14.191580017869821	1
8.71420129060582	6.734858715616577	0
6.916823960731926	6.001751781860765	0
8.615750071813629	4.508430840674527	0
7.704122640367645	12.978205843234834	1
8.596232172832554	7.5576051089313925	0
9.204244669399177	14.767167385373773	1
8.713183472095189	6.158364226967731	0
8.96668437182296	7.11610546654678	0
8.293360525308977	6.88437840834358	0
8.361860732476517	6.331941870014565	0
8.246435992634645	7.984545333914309	0
8.869637198473807	14.090082981096385	1
8.904444873636535	15.088331209932873	1
8.451012168407019	6.841083350650546	0
10.464731129625518	14.156536608478495	1
6.468395401613038	5.318672604619357	0
10.228038605704256	12.001696358542445	1
8.581121752112251	6.759153556671267	0
7.995441929083258	6.660481080221113	0
10.345949199271196	11.99236616578013	1
8.394379074917268	6.498474062654783	0
8.787587529121467	6.334708131129114	0
10.189643020017218	13.986121093612436	1
8.918526492664917	7.166897162794472	0
7.178231336682852	5.7925895800770855	0
9.591034376237815	12.970485614246824	1
6.84809859626921	7.351962278369991	0
7.30308470775521	8.425414906233152	0
9.573143989738158	12.073081424744442	1
8.571092353214098	4.065788180654399	0
8.447675593115573	13.460856022264366	1
9.498698423978702	13.703747730503267	1
9.672310840665553	13.61007135126502	1
7.658888110399037	7.886135723347903	0
8.82529270981017	6.369195971213882	0
8.75902555336819	13.567594995315574	1
8.706028091606665	5.877931324482769	0
9.155424834792402	5.7166887338777475	0
8.13535873393828	4.487650188123956	0
8.46526678000665	14.275655077380712	1
9.098130631777046	12.42881801244658	1
6.036002334653034	8.127455240309812	0
8.605520319303713	14.44847131384317	1
6.22676783888846	5.746805440538598	0
7.31515662860676	5.138826426044424	0
9.380079189879304	13.135429970849184	1
9.466321167860512	12.998011488517283	1
9.685875329013486	13.44023113752315	1
8.073558522633986	6.244946935397267	0
11.098820693945427	7.371063475427894	0
9.426994161802774	13.858641836383729	1
8.967503341651042	6.293795426205143	0
8.088489465914884	14.239356769590527	1
9.301945724300667	13.49768078911737	1
8.581082526465968	14.48262229800462	1
10.754083595531368	12.500277863136775	1
8.286026874125833	15.019754396337945	1
7.829403930485694	6.1340961866858335	0
9.328823812177234	6.376723382778386	0
10.432491144894053	14.280540963575689	1
7.557510113503351	7.123877932553391	0
7.231130437110721	6.475961252068155	0
8.008942125869499	14.065660591240906	1
7.732122122559647	5.404424171068207	0
9.222439581872104	13.386546549839696	1
7.911283906648913	5.349147551058733	0
8.619323958212634	12.938902821424035	1
11.099017960664082	14.520782704133776	1
6.485899890788414	6.3170569071218665	0
9.73102872576257	13.54807378538673	1
6.083070028522883	5.6246462227402745	0
6.2702153611378595	3.8564021551996785	0
8.539696778808649	12.682239445824159	1
10.418547767393424	13.754769742585848	1
7.335810961969968	12.423745642762572	1
8.692156500384334	6.200952947148542	0
8.507594329619517	8.325304554056096	0
7.170290074902218	8.678712664141207	0
10.44628437286645	12.23411377448237	1
8.340870752194638	6.918574820965624	0
9.030875403220454	5.448054859984221	0
5.885032172554016	7.054314655334642	0
7.478168936292001	6.247368621767816	0
8.451780297703513	6.373079168850452	0
10.634655674517422	13.783396714333207	1
9.196460352489595	6.010693578763917	0
8.470375201008816	7.501716977201745	0
8.531501239333558	6.33705086967932	0
9.068294705454278	12.682373647171508	1
8.297041596875044	6.9994952423524825	0
8.096430740317382	6.16560856036512	0
9.702801615160658	7.486947090872207	0
6.92382569621525	6.001363548410191	0
8.55987664592508	7.685549515488956	0
8.924569213920636	14.315451187576427	1
9.841992341351274	15.059586391442108	1
9.64488712011324	14.326427748856734	1
7.734306885217899	6.717132751357809	0
9.793550451633182	15.999061745528198	1
7.84989651503941	14.842812899493918	1
6.338400531499339	6.9171960818851455	0
9.081350822310982	6.9745832988185725	0
9.081466629237298	15.090926976493206	1
8.69881904511114	14.870784683152465	1
7.935258310969622	7.462785393549951	0
7.583797298391259	11.478461693016884	1
9.732865889762998	14.10573941062298	1
9.132906219087419	13.504558687582115	1
8.712094764757817	12.924865212172376	1
8.873033000412244	13.850598584401093	1
8.179993485036714	4.791075851892004	0
9.818909464112593	12.138462602383587	1
9.523097205813055	15.04078257479246	1
9.601178353781023	12.674993066543134	1
5.102422157570069	7.281909743034505	0
8.477441763117874	13.105209610883973	1
7.186881613542936	5.142129836561934	0
8.260567353618159	6.187301756423968	0
8.401450022966852	15.585388042339128	1
8.105021087861012	6.059256644458423	0
7.9418947811739	6.059405097627248	0
7.465830007608913	6.181788542613657	0
9.904188594980456	6.990386975415088	0
8.872522483416462	4.907184471728576	0
7.882647352158785	14.783124565467073	1
7.549286146834978	11.85234306672242	1
8.643593013065434	6.728120570922216	0
6.858164853116525	14.166470450219927	1
9.693047128163956	14.89345180184141	1
8.370975875134093	5.352366988470213	0
9.523614229775713	8.228821865365958	0
10.288660907162921	6.993948764162033	0
9.088087423249055	6.072750394970327	0
8.268239123296567	5.960821946247451	0
5.749377446173556	6.8594534761407155	0
10.422224705310569	12.84000720888582	1
6.8754506485906	7.198167850074832	0
9.748645563540324	13.786681947746176	1
8.655494616398459	13.608448269578789	1
11.074006247912237	14.621122132284512	1
7.414240566659561	6.486308405965499	0
7.539424745898836	6.993979154729269	0
7.496273597685683	7.303153258379971	0
10.172547745623463	6.383230683192845	0
5.326160457901661	6.825923629713253	0
8.787164323107403	13.59743654532935	1
10.461425727285905	13.051438362183232	1
8.445801079221836	13.616390234768271	1
8.280194558935765	12.651091087174692	1
8.894927604195006	6.084484004569277	0
7.467657820429136	6.832557721516108	0
7.84811591445543	4.874783446728123	0
8.425716046827018	13.351882319101117	1
9.57099393374244	12.911320163662156	1
8.812455553040499	6.851355719275402	0
9.853498989266999	13.897026064189928	1
6.803904630715594	6.086998001838517	0
10.201033826515507	11.4545708265379	1
8.265774013388256	4.881793748229646	0
8.67313834579487	11.870417510794889	1
7.64778711149574	7.476205164130245	0
7.448042949875304	6.909079590975921	0
9.626004674888964	3.5308504912772856	0
8.697406422592294	15.608714793061289	1
6.507715942846239	8.5641942002094	0
7.919017796106913	12.175434156367517	1
7.828395590757783	15.305922805868287	1
9.781077982390936	13.05808395873524	1
8.593300794116002	12.593740399251756	1
8.573848726310523	8.889141031986323	0
6.918071823207178	5.283091135366163	0
7.533455558263342	6.57749839844711	0
7.3714632294052755	7.1573080395978605	0
8.171863929472547	12.487352226326191	1
9.496694826079882	13.401788296840623	1
8.073851061659374	6.261022866173866	0
8.684992973628338	15.340154897597335	1
9.278275638537654	5.979744906804612	0
8.337989277948948	8.360079702138519	0
8.59789172692076	12.219945045707592	1
9.296432988682852	13.336527893287572	1
9.103599277223251	13.877557452647245	1
9.663594374456181	14.156152883527712	1
9.47634511151461	14.426922365794077	1
10.202812199565617	13.58767011665194	1
6.565780279796866	8.320235541168485	0
7.621599990870625	13.487338556905597	1
9.708794903908899	6.060811874309634	0
9.555527264796483	13.434030766936838	1
10.433069716482445	14.956056193086004	1
9.235846764730232	14.08435205773074	1
8.316641289356053	12.892765076339282	1
8.136521304122017	5.734186625008861	0
10.09183954535467	14.461159013960769	1
7.985579883481208	6.984931590160214	0
7.5685412011525655	6.806282321835486	0
8.398641597283712	6.148845711292535	0
9.483553658814628	13.311881616427353	1
7.4793785904134475	7.048972560988646	0
10.08806005994481	12.411091406126609	1
8.554048076632194	4.692201124645811	0
9.525060481335156	14.422982208245875	1
10.030379414929792	14.8461882552952	1
8.022583194479134	15.133784496403951	1
7.069836427633102	6.947671820983815	0
8.627644732064805	5.231374611972268	0
8.813935326446938	6.370825403373949	0
8.633934788114122	6.9310716556914285	0
7.849902661275346	13.060925946035296	1
7.060257964702824	6.573506224114541	0
11.096566517269931	7.391819533947172	0
7.2887144790122775	6.919793438450041	0
9.400182016173943	6.952473574248819	0
12.047518194852055	13.67390776508957	1
9.862747608507526	6.548663678029206	0
8.356509789026086	14.872963897340545	1
7.732997493027919	6.592145293949598	0
10.483866318140068	12.490090130392991	1
8.601360977568843	13.616165154931705	1
9.591825557238739	14.815055510317123	1
9.42332458166933	7.1344624504225465	0
8.924258457385099	5.226431054086128	0
8.909342386455863	11.687971387404643	1
10.238574708031038	13.72144726444726	1
7.65594248861536	6.630517153931084	0
9.376680519326195	13.521211052894808	1
9.766108577961713	15.119373667098634	1
7.092210139093654	5.759570257313355	0
8.141340284263837	15.180330320461438	1
8.146563413312034	7.377989493809763	0
9.012861151154583	6.304903614895329	0
7.556822525699996	6.428935120133612	0
9.225886881860482	13.410715072843782	1
8.30208968801094	6.900262981185944	0
7.917161159637762	13.70645609933696	1
8.888567855606741	6.105284322071934	0
8.8686262385597	13.763489672286937	1
9.140673161112959	12.935426518973085	1
7.69369922307838	4.567895112145652	0
10.370698678448393	6.647578585681098	0
8.37123003731453	8.077679355507467	0
8.771799227315038	4.574479174130837	0
7.2796501289846285	6.419254656409789	0
7.168228347087609	14.248581805147834	1
8.589893891505852	14.245417527516413	1
10.434948943006477	13.277124981856625	1
11.032167752627577	13.64929105822358	1
7.423002819982238	6.969277778173325	0
8.407159825264406	5.647969708335548	0
7.838172252281964	5.94530399758542	0
8.256673987321497	5.713801333211845	0
9.015547971996297	15.358166636143507	1
7.217377555239702	7.182147357885612	0
8.678734209252701	15.025412498767174	1
8.493098385055122	13.957667666771828	1
8.894059114729385	7.5822634970853695	0
10.218747498888522	14.09032475684785	1
10.21168789979132	13.728818415166772	1
8.853695014453983	5.116384982502693	0
9.711435347367104	14.886196160130154	1
7.64955180824085	6.840838132642577	0
9.722902789641841	13.079924930195375	1
6.780572759052335	7.112027946833992	0
8.46490657394557	4.223353617906117	0
9.130206012252383	15.550543479927867	1
10.862549729994733	13.55451373027308	1
8.70962260167179	13.589619605467172	1
9.481268813679527	13.214242578030511	1
10.3595590313583	12.72648440613925	1
8.873299282046958	13.997494220493005	1
8.499874110740725	5.665237501929633	0
6.030412040265377	6.263218064740363	0
8.887784493852296	13.659055997189043	1
8.822757497858223	5.295377892826261	0
8.202099281701372	6.4721002700294425	0
8.415925005148265	12.483631736208928	1
10.552452216507605	14.007232244430528	1
7.678603425648142	6.615291703928239	0
8.404363710482802	6.51857685536136	0
7.8500192978745105	15.38421277928247	1
8.83036318333329	14.249938151796266	1
7.7984672717069365	7.040014557076074	0
8.484589579971955	15.888639658971021	1
7.0335269073122655	6.666658117631525	0
9.29217675305867	13.697683707756108	1
9.738391437873148	14.655788952034888	1
9.231525110128535	6.662482747388192	0
7.294385049165884	6.354209370590041	0
8.607097663557488	7.8447951611248214	0
8.443365640722723	13.50025150743473	1
7.51723395613931	6.965772555025462	0
8.328170100633068	8.166280456886426	0
11.257649805398158	6.625406737032125	0
8.631074616822744	6.004918129000415	0
8.597891862482719	14.120098857343955	1
8.809867908706208	8.346441133563237	0
8.282639520213612	12.719167534525685	1
10.361803847107709	12.673010329843144	1
8.240488298955698	5.593587562009952	0
9.151557498688863	13.269510725100291	1
9.102642745023203	7.374501002859981	0
8.007063811860474	6.18084177902616	0
7.728440330386868	5.974973364593156	0
9.40096268288924	5.547526363835455	0
8.562770608518033	14.907542279931981	1
8.426218212958352	7.1927893090540405	0
10.081568056697272	14.941804125935041	1
8.40140426617652	14.178284457922551	1
7.099609895429264	5.2678486531954	0
7.083238938943931	6.563190297163154	0
8.79662131777118	6.123281783629875	0
9.630196212642748	12.621156563003101	1
5.56669490440063	6.778902964021568	0
11.613645677699864	13.203894168835978	1
9.4128669041259	14.752040391235697	1
6.582419150496852	5.959021951896924	0
7.934462309445534	6.371900718254085	0
8.6062958391007	15.034446665951608	1
8.988479872757623	13.89506748253677	1
8.245608709380807	7.574184428710926	0
10.312541658312897	14.857066045715522	1
9.80981399437795	13.358211280953235	1
8.13536225520584	5.337798464151129	0
8.629604062439427	14.777389533144579	1
7.979138775935038	6.93315362855721	0
8.7716708718984	5.8224912876701795	0
9.145811993197254	13.812154920015743	1
11.051953935811042	12.431354622594418	1
10.328592447945317	11.664334165527768	1
8.98458424922872	6.663336278081408	0
6.2341696442252665	7.19565321982685	0
7.7950938861464225	6.793838950146451	0
9.340289514100077	5.962155106648691	0
10.636175568276554	13.53671632631155	1
7.694434812599901	6.665309668929588	0
8.922288394318352	13.327060353308898	1
6.870476402598582	5.888070214543614	0
9.347320559198582	14.121975177663066	1
7.40828556458446	14.318505818205828	1
7.962351264103808	5.181142715983503	0
8.274258196312376	13.419784736191154	1
8.860085221197224	13.863372252993969	1
8.94668980796246	6.650174768306693	0
9.03157894104429	15.20345335322506	1
8.69799049290311	6.596915688334682	0
7.067564876373824	5.82227543749778	0
8.379680840466548	5.351327159240736	0
8.086540346966743	12.640061679336636	1
8.49785857261352	6.603631820342666	0
8.325079243375061	5.489351913756638	0
7.449465895507486	9.238747316693527	0
7.760001243189016	14.243559211634441	1
10.254651639422919	6.246666876741655	0
10.169266605201186	15.167337414374675	1
9.077219201153156	13.650871285432062	1
8.342355112533596	5.018455858205524	0
7.480776898237769	5.490408888598438	0
7.988556827005755	6.7663168822947375	0
10.224093482462136	12.447163912967616	1
9.485374994729964	13.435836265190277	1
8.384267243791188	5.953767596902516	0
9.5118261463375	6.8222860386643225	0
6.489476891422848	7.562445126430897	0
8.338530355724288	14.01540592966179	1
9.595965782021203	11.41394695365071	1
7.694742353073668	6.55979069205894	0
9.234742635864741	8.026753855009618	0
9.75156239519015	13.444674702697714	1
7.845581625353878	7.426737336219525	0
8.409804168606284	6.042378112344037	0
9.50356054851991	5.213103958891242	0
10.077786090303187	13.877055984996463	1
8.95884429468988	5.179830141259001	0
8.154329974963726	5.262631652545297	0
7.582944456814382	6.335396816179842	0
8.924136871421778	14.114141685888105	1
7.652510027293975	5.781506450703011	0
9.327990219887948	15.22324422421797	1
9.329051149815571	15.883584860255331	1
9.443558107362184	7.327673200325776	0
9.04785357225536	7.004552028491876	0
10.113127056255545	6.9333546902739736	0
9.498274165817906	7.178116541264243	0
8.581133245865695	6.499713737526297	0
7.7367348251647154	13.138234432221102	1
7.4632332858788635	6.4611171390980315	0
8.918949617489709	6.201443708229786	0
9.567551046354035	7.564913357167837	0
8.245834022099862	12.68010492323744	1
9.937596261671727	14.915060051993512	1
8.323148997265188	6.7492428171702725	0
9.508762002233157	13.973600629316781	1
9.805262143411099	11.245841472809474	1
9.814219879199756	13.067002997775981	1
7.212276718823026	14.606444094688017	1
8.449490790766456	6.729122340523911	0
8.61857570590849	13.795134178539582	1
8.94130413003729	7.127517694844644	0
9.037540654337047	5.880331514953123	0
8.396003823490458	6.363671996806144	0
8.278461122789055	6.344486344769828	0
10.524677276610621	15.621798753792786	1
8.260780986645383	6.81704802970247	0
9.846229873837553	13.767963540948628	1
8.689213677445448	15.04478660687378	1
12.022607609714658	13.770282294015518	1
10.138724640236637	13.96605688520094	1
7.819211047979424	5.521736538409965	0
8.451174137548222	5.901182241944405	0
7.271037571089797	4.190625736162284	0
9.049564826118315	13.981527648346809	1
9.429790982382286	13.467070176212012	1
8.788593699720645	7.263271134167125	0
10.43533231112807	14.373717670364268	1
7.5637382737472825	5.180759759329014	0
7.974057946449479	14.214268948335867	1
9.757434834334529	13.394227493541145	1
7.638272768922933	4.568619806483547	0
8.113697817980244	5.183109271303544	0
9.079370697386288	13.68716330274701	1
9.939280903649331	13.751421856212996	1
9.977789942512167	13.134782787276748	1
8.709355288369414	6.789897487012951	0
7.738546952510165	7.128269779454966	0
7.756064809282666	6.287074502263806	0
8.399018566638643	7.566071051994447	0
6.865561580051536	7.4478909866053264	0
8.084932594566915	5.627207593086551	0
10.219235641000479	13.56530303534359	1
7.576315347653522	4.397712851297827	0
7.793806044933386	13.15567490491724	1
10.55851311936963	13.057871684212296	1
9.517236139861554	4.637669103667917	0
8.608680679902294	7.353578640166903	0
8.31859648230201	6.949131335228593	0
9.630219449601405	6.872680372154947	0
8.569663323628644	5.937102207246206	0
9.510137263312805	13.326728794419672	1
8.75448519173799	12.783527565529065	1
8.153570266849595	12.696016455098377	1
7.091473263465337	4.389696368912489	0
11.482647641444954	14.433835141709498	1
8.942628369141593	7.214974545302757	0
8.13369451200296	7.936035844825469	0
8.97702639368516	13.027769910202117	1
8.298642125750685	5.452651801189113	0
6.389449585636951	7.184887749844094	0
8.935233954897312	8.137037746762456	0
9.769095990846948	14.738865784724746	1
8.249094282853957	7.876773165148842	0
8.115558756340645	6.941860906086632	0
9.341536362283367	13.694920611216261	1
11.755677602186221	12.37336703622137	1
8.851794810623936	15.059281096510128	1
9.223799424836272	6.141889218029558	0
9.321351567276727	14.296875485957148	1
10.409051250310197	13.90661763393301	1
9.743272564172726	15.104621863580434	1
9.59690176048549	4.809747744114795	0
9.067873488398105	13.872336444877035	1
9.601683626120918	13.222078111026152	1
8.560439559713334	12.990149229235685	1
8.238832861026168	6.0671032513673495	0
8.734068350176745	14.081375284627782	1
7.911507940336413	6.782254556282144	0
7.175489987653056	15.425534086987394	1
8.929756815682747	6.818641222588386	0
10.38225079205902	13.78968167378013	1
9.390980944468758	14.791842388294423	1
8.36714387160557	5.003131219499799	0
8.052601019416532	5.678637534443944	0
10.129763350131093	13.323796551914013	1
8.692511197113971	13.655186420693198	1
9.296262257107006	13.872646788780942	1
8.330128242991776	13.826778766758686	1
8.717886882800869	5.908074849767715	0
8.519498378501957	13.49478350031034	1
8.887667192741135	14.021665264130151	1
8.2725820770352	12.405598108038145	1
9.214800875278906	16.805775054128585	1
8.854873196225665	6.30761844386487	0
8.88764628441672	14.620359708094965	1
7.456430582221952	6.1794143583560235	0
10.240226972484479	14.033132609130618	1
9.278413698048942	5.805152155584512	0
7.266199458901783	6.3729011779476785	0
8.813513434158503	13.11831610335258	1
7.329959523965304	8.043847908283176	0
10.283843917737515	12.918490466061618	1
8.794514651907237	13.9674186190202	1
9.823037256467614	15.860014746905458	1
9.747674629286164	14.92456660854327	1
10.632021094790685	14.2535478371363	1
9.840436999453017	13.744449006718874	1
9.284740408939202	12.943780714572428	1
8.160484086335117	13.442343277023987	1
6.959878073720592	7.9173042716214646	0
9.301551821919235	12.314272086872645	1
9.898074467540871	13.260491939352306	1
8.883196119143285	6.749188386688095	0
10.51711068581734	14.298480178749353	1
8.242612154488564	12.944644089151065	1
10.00244261241231	4.621921009530644	0
9.478127695128247	15.06856600835408	1
7.499245229641123	5.020735366027367	0
9.695925492928481	6.718930191715934	0
9.276427500128712	5.6359461148941286	0
7.905418998141869	5.812188221286464	0
7.752302024229166	6.9122046253323575	0
9.471555915849823	13.815256091274852	1
8.0131012877609	7.279937298856084	0
8.610882230872553	13.543787852151121	1
8.797860029630096	6.773082809026697	0
9.673130784781097	13.755570817934823	1
8.369580766736467	14.521424573443129	1
8.394047280648685	13.04320252722366	1
7.483887018833082	14.514363567392513	1
7.812603485470664	6.44679598634559	0
8.562138358934794	5.192680620276487	0
8.25956175081205	13.253454641820595	1
10.78248714090846	13.037408082020917	1
8.613877734513721	6.106572520230565	0
8.248450233097355	14.599575912277269	1
8.837125084765946	5.357770831694953	0
7.297913148323709	6.577986877006721	0
8.113632601524536	6.501136840484163	0
9.651591152377769	12.305988330420822	1
7.627607018539199	13.514274419518424	1
9.016121047644635	15.547378517452774	1
8.302794498188378	7.934684742948291	0
7.478618093413398	6.827954839005152	0
6.747684551050795	5.971782883268502	0
5.53239302344376	7.045949106169196	0
8.83688923936081	13.455279243444572	1
7.165201022122318	12.051887869068572	1
9.049984332424742	12.823069407592017	1
8.809392997153859	7.042921426170325	0
8.92300999181686	15.655240720660387	1
8.944921428746373	5.869675154644994	0
8.580192669769614	14.503949864371432	1
10.484967028742465	13.026142470258927	1
6.481516302974452	6.824547893516526	0
5.802121880636569	6.283503144188451	0
8.495881171909508	14.403823101845814	1
10.021654974973355	12.752951202821784	1
9.20185347611105	15.050666511518786	1
10.474417925827616	6.69036266677653	0
8.657512153857638	5.861077364662257	0
8.855938198470126	13.698848465730894	1
8.792111717444447	4.912679468370854	0
6.507124020934381	8.163574927905334	0
8.84822313102718	6.582322744280041	0
9.57703871103364	7.582171807916335	0
6.7912520677438835	5.978564430978275	0
7.996348226326994	8.253689076043962	0
8.280281689917976	7.043537366828006	0
9.080686242816762	4.689462328765348	0
8.957803082914237	7.528884027566011	0
9.105382111224204	12.433588754949357	1
8.191675285946895	12.864989045631674	1
9.49028750006115	13.537250165014251	1
8.820736616655477	15.043937585899116	1
8.77193024344833	4.674986382286738	0
9.275152277954021	13.98945584763049	1
6.973770518801473	14.256104271867054	1
8.284711222656869	6.455197580129485	0
6.283975648335126	6.482622970983547	0
9.068442694351459	12.541031677946828	1
8.859845566109708	7.351308932039977	0
8.680681832042861	16.559079839276265	1
9.58762565838789	15.138783698678075	1
8.990884791048884	5.20541415238427	0
8.54284556873743	7.476866888252101	0
9.20702834793641	12.962754786206666	1
6.822236269052104	7.555204242687019	0
9.86989044232277	13.479025476015924	1
10.063108623554958	7.622269349662911	0
8.812051471844537	15.397795782311299	1
5.047116836557942	7.1587263383415936	0
7.705349851524593	8.492814217329622	0
9.081865523421794	12.518623465193166	1
9.104210029482424	13.789051465195794	1
7.774140238745855	8.120490319422153	0
7.616447535613992	6.522216518492738	0
9.290011070775993	13.996270981248587	1
8.93416781719633	5.779725035061659	0
10.351793800416537	14.089188114462821	1
9.586201961781605	14.135915636601391	1
7.932445766838161	8.067944202081208	0
8.450469826263777	5.625667658143193	0
8.192990512349661	7.086659703830702	0
7.288138303796126	7.313793738965206	0
9.66998230493756	14.34303265810364	1
7.794024890348617	14.457422244304466	1
9.263658469106474	13.044610762230217	1
9.449063035623356	13.31935562401531	1
8.406612313849728	5.873234200196537	0
8.956910070471746	13.199307742262171	1
9.582226945945278	15.909979402917212	1
8.580583878343218	14.192261025830632	1
9.324207790484975	13.132752683215044	1
8.616299314777017	12.29890298844468	1
7.721536910361718	13.273014057909942	1
10.377520883460605	13.578205470923676	1
9.23610728049916	6.955056062363612	0
9.479151981850379	14.034665668386625	1
10.408757519226214	12.392657167900813	1
8.346681915797031	13.687998459499399	1
7.772490585584557	7.419675743329564	0
9.46260785650152	8.260552193465823	0
9.789280881299378	12.739595098097668	1
9.844464939324803	13.851454644496386	1
7.639301348549572	7.028877004478217	0
8.648302658149671	6.827203105187182	0
9.596132339524868	13.658802610896828	1
10.491264965258463	12.821029336542084	1
7.297076682843388	7.075647966372516	0
7.798605925003244	15.51786056494245	1
8.699082272329925	13.900556559488415	1
10.086593567830908	12.851132235281586	1
8.76483547183403	13.098347323486236	1
6.676499244385472	5.205801775073265	0
8.565352002176251	6.4863229121184585	0
8.94912670514846	15.315107200774138	1
8.62786232768412	14.863028379973466	1
8.627965586513202	6.988772435225311	0
6.3324328086292825	13.746394720808416	1
9.07237142617359	14.283395725397074	1
9.112622756703292	6.236637933084929	0
9.82595918441723	14.648662058356383	1
9.37879837857366	13.105903426556939	1
8.287150385908538	5.880101452586805	0
10.547815072281665	14.428759365192276	1
7.33597298137158	7.229677707186439	0
9.737175959900773	6.1961263328634795	0
9.289613721112579	14.651212659564193	1
9.806778273221191	13.966335978789154	1
9.46197187433705	13.677749723157971	1
6.690027843511153	7.761977425986822	0
8.044755441631894	5.007131774890447	0
7.711242978602357	14.593327483799616	1
9.909799974874819	14.92497135325775	1
7.350351195344095	5.962896550695073	0
9.802416125298397	14.35017182397318	1
8.414617071613726	15.337176240820751	1
7.969414484949598	6.9573795953263184	0
10.225548849911027	6.41476992226648	0
8.083269543704867	6.841692255616749	0
8.078519162869274	13.79779913133184	1
9.132044848985585	12.769680586693537	1
6.8135344738621075	6.605415221099596	0
9.879850152647508	5.8894888635944405	0
8.424909843185073	6.096584128069376	0
8.283330703279951	14.580667339793955	1
9.490101891051573	13.054156757898951	1
8.094924027377113	5.718938015594589	0
8.403385767647011	6.619493522973419	0
8.84642649576358	14.597755848506777	1
8.952429954794704	11.625005001762723	1
8.989879167021481	13.892244429026368	1
9.408285576338368	4.9559358955719715	0
8.942435224763322	6.7350565723538125	0
7.834139317225251	6.467210323333389	0
10.120068163825577	14.073796257542012	1
10.752878994830722	15.121660922860892	1
8.599182354064094	7.03537999830555	0
9.25781331686856	13.487440786440064	1
9.184390171617247	11.722515939376859	1
7.653160471386521	13.428016381462971	1
10.157669450495588	14.04912677195877	1
7.754629015659082	13.823037654898904	1
8.938025288288816	14.719203389921665	1
8.931898195230737	6.162128273091772	0
8.067754411593247	5.481320621797847	0
7.701055313521333	13.22153666373065	1
7.915961129335254	6.5460602465695015	0
8.045768513847074	13.67655531304137	1
8.25776529494485	15.170190462707785	1
7.726107968597485	8.591666036266652	0
8.439969256691285	6.846844813470643	0
8.715488496118805	11.193053195829261	1
8.806501359358268	14.822243730803587	1
9.100282110587024	5.759785382989228	0
7.026313866661804	6.085477636833071	0
6.81388584934971	8.132501865294119	0
8.887134709400073	13.576894243740048	1
8.095655332959652	13.89291964009514	1
7.569181328222901	4.9651876883095385	0
8.920499856375674	12.505685472388798	1
8.594590667862215	13.627942708709872	1
8.076883716796235	5.380250670462061	0
6.219558884146627	6.514481957356988	0
10.325130669387914	15.010826806506042	1
7.254822231609804	8.945029433199634	0
8.401207124953466	4.766022968923594	0
7.587561598873375	14.443374756801335	1
7.622318882654688	4.963744220496523	0
7.964117843738546	13.500220787074939	1
8.95871433705214	13.170028047055052	1
9.436962537708185	11.35482731513123	1
8.696591189120934	6.0359673482210825	0
8.885820884687195	14.430985771615315	1
9.035859317131909	13.60127252763381	1
5.230083038604777	6.866151451412628	0
9.130062009399621	15.011431161279203	1
7.727580281164655	6.192475136920788	0
8.555124804143201	13.822565278514112	1
8.470452952358585	6.53914086147597	0
8.115127026106189	14.132365206867878	1
9.01507402483407	14.685112835410177	1
7.232029161791626	7.971402242893454	0
8.285422853414733	6.161593960907296	0
8.329310201090987	6.3175587234208335	0
8.777869213309833	15.78709267757149	1
9.679545969490032	15.104907741360986	1
9.462856614670418	5.25569478571578	0
8.818878902803485	15.436774599469961	1
9.575173767146396	6.126837214758011	0
8.440374835680462	7.144731096663539	0
8.99401381506403	12.295814382083721	1
8.418082922883825	6.96224534455957	0
7.102843584167237	5.736839970539854	0
8.212054564148628	6.835555404143053	0
7.921843487800708	14.497695694681157	1
9.970055688549781	5.844956448538279	0
10.199452751064587	12.951060720381431	1
7.810096827337976	13.671071990424425	1
8.956535194678077	7.087014047345314	0
8.863898755566357	8.082192065154684	0
10.285380919224357	15.04189550605231	1
8.261868950910763	12.492932804576778	1
8.107024049934854	15.481150146527389	1
8.246585786594093	6.845199057066134	0
8.440781071627335	5.90280494409163	0
10.13995195930932	12.698229409883579	1
7.640625753479926	6.880972219062166	0
8.696249467923078	7.113515323087258	0
6.551162147038034	7.30356932747074	0
7.6343929854680574	6.939017412307844	0
6.234392959976649	5.718161806844064	0
8.017605985757589	9.261329452962277	0
8.27936789378933	4.880326588133288	0
7.097283886569054	6.715548466644269	0
7.898117204442754	13.907036496001576	1
8.33738204912817	7.763393117558065	0
8.596576230470042	6.284326489842164	0
9.31245049040932	12.1904771000388	1
9.00968464940155	6.639947137139519	0
10.057161407691067	13.550691427749415	1
9.272766948556047	8.472788562250008	0
9.168242124194753	7.77512693514138	0
8.89727550239398	12.635665425497534	1
8.525924331043338	13.839327557326573	1
6.724015059108532	13.488520660971878	1
8.169715245866792	11.749414751191223	1
8.592733249875293	7.555948402566527	0
6.335610705673844	12.918988627326584	1
8.712455564640475	13.693647010649965	1
7.508459796526156	5.993536748525716	0
8.021416728225866	14.164792728525892	1
7.741084071936082	6.991815243222536	0
9.365392777963706	12.571509074092507	1
8.886837483690421	13.460121331681703	1
10.9027383205955	13.543384163750503	1
8.054481740799535	6.373954350350091	0
6.9932307721181965	7.355188909317199	0
8.87943152150653	14.30113486107936	1
8.34316940807497	6.623047122824486	0
8.886763872623428	14.184470698618425	1
11.187167883594821	13.439725715200774	1
8.69270692308861	6.525448783423388	0
9.188589543638049	3.095650588657918	0
7.485418176800577	7.4484342926102975	0
8.517075003341438	5.592510948947914	0
11.24185088526686	14.656251398688086	1
8.418805690066636	6.523286157975687	0
8.500987229561032	12.371608857764906	1
8.001032055115616	15.172282604209729	1
9.236414539054705	14.898734880322344	1
10.072583561227656	12.829159319284775	1
7.237683713581734	13.585933986144418	1
10.120935071731909	13.472313874182912	1
7.536585245320638	6.933423902065905	0
6.59834556794461	7.505350840361383	0
7.424523008032912	6.299132323318328	0
10.596943583705851	6.732494406450562	0
10.498233205241382	13.90152820719694	1
8.423365905431359	7.015727988018597	0
9.71722768596932	14.450563253883933	1
7.084779668828265	13.414006360028086	1
9.994581455689046	15.218966094646458	1
7.873621738562117	6.170973471949443	0
9.719972525141472	14.514133308008466	1
8.669722569013139	16.224732701527493	1
9.63356767158168	13.808077416574474	1
7.917881743489351	13.040773950301785	1
9.441306981221663	5.907238473948151	0
8.370284440948408	12.57610694454002	1
10.718311564302704	13.10709139365475	1
8.434294075102088	6.230320569042268	0
7.507447319841163	5.312679052372561	0
10.863020545076784	13.447094934958134	1
9.5465020335348	7.075983483401577	0
6.7188714463409696	6.302794596317957	0
7.856621945327782	14.47616921680351	1
9.61019812907969	7.5104878761136895	0
8.95173248282969	6.480480219513886	0
6.521099953414474	5.80121375955728	0
9.215822718182375	14.004897666145865	1
8.144639677980221	7.900938654412798	0
8.651142161863609	13.169812036899847	1
8.800015888088641	8.126570728972087	0
9.61241816526053	15.228921288129234	1
9.007729920204362	12.924473582547947	1
9.516551809277683	12.901718199511885	1
9.51377257724448	14.124386213055852	1
9.42903938017875	12.6744361631933	1
8.552373878790302	4.918317400586946	0
7.465372751529699	5.6325394366742465	0
10.727302145510908	12.569727633977681	1
9.18789528093907	8.526080175508072	0
10.147727993485137	7.916127235051254	0
8.878992250295488	14.99118175746274	1
9.726701938076715	13.12612664461819	1
9.511565196294098	14.56327687629125	1
9.086823515445817	11.654178811762254	1
9.485910283654272	13.176575842856893	1
9.082048701268215	13.440876206326402	1
7.963051864021464	7.033952693278184	0
8.217337757154112	12.219939568804971	1
10.041706780584455	15.028030482201636	1
7.0441495213504055	6.99791241842058	0
8.642452074430615	14.517417305589657	1
6.786054288898454	7.322919665842638	0
9.017868177750099	15.7480367462849	1
8.38211677255518	4.999996207342356	0
9.037821842727945	7.123356231240846	0
9.214890398165892	13.426004815579121	1
10.258373002755544	13.981297386413342	1
8.285079653030788	5.710088937700942	0
9.11041922835282	12.897386726042933	1
10.311130282834474	13.189241741998451	1
7.836150610781341	8.08479419724127	0
9.57514211269341	12.190515527610989	1
8.490062865003114	6.502042053278493	0
10.850013707770369	13.338512745698042	1
7.08842618158622	5.417248328684612	0
8.897697421772282	12.770794172360347	1
8.34454622930397	13.088822234407193	1
7.6936776796628905	4.3832017075537975	0
7.011382444973362	12.76524289417142	1
7.244058471239473	7.124830099894662	0
7.521055924471281	7.026219167582223	0
8.909765957973093	6.234181176994548	0
9.59810793301367	6.288810583713862	0
8.651641294631554	13.105190272501705	1
8.305856701649116	5.796178015924418	0
8.71820281979192	6.722588849783197	0
7.144637528195085	6.112095612819201	0
7.322941910858094	6.731900873997681	0
9.010042499643081	13.091150118514983	1
8.93270181467168	4.20226336187419	0
8.90791202531492	14.266801378291579	1
7.363157783790559	14.701791422909293	1
8.710415423668394	14.647025860650146	1
8.455081461622349	5.571926784351327	0
7.90954386846092	7.0535926814989915	0
7.834806182360235	6.030053073049245	0
10.08312432179634	6.620042850041564	0
9.161467502790655	5.540664560539254	0
8.924717054446415	12.998689115253873	1
7.308930474814682	7.521171278270813	0
8.232304956895845	7.0450628677305716	0
7.313943511572413	6.892478491510321	0
7.70734638665967	14.395265372713075	1
10.146256390611406	14.578002411847358	1
10.20650368491485	15.587876228350316	1
9.641648348220635	13.415084466959593	1
7.81590130556341	7.1090748826440375	0
6.886393634399541	6.765121515475451	0
9.54492706443476	14.7246194733547	1
7.918466064916408	6.873031094531846	0
8.174672824969509	12.29982207995581	1
10.79731410741823	13.68207620667251	1
8.800118183244091	6.417441300521954	0
8.10308994083352	6.4621558354581685	0
9.22125164121373	13.709964074732477	1
10.804702558154904	7.939115244884809	0
9.086468042763011	13.79185384069523	1
9.962214401949844	12.523043133205373	1
9.625765622292734	12.448863775277736	1
10.022225786851848	13.236851657397143	1
8.484283003491848	6.59691145545765	0
9.166947710908874	6.670517380224803	0
8.421102460749724	6.533414047611287	0
9.483838060028502	4.992482202013705	0
9.275670006364646	13.870041207392878	1
8.320670852916752	6.688695492900043	0
8.66627444489509	6.84169632173042	0
7.498200820725866	5.7806297169430065	0
8.966781878956567	13.677655981214379	1
8.591633798862114	7.721960555982396	0
9.015887836996908	13.709034895553335	1
8.14851115404058	13.867746332876166	1
7.6196694621629275	6.881485153767267	0
6.3794566597023294	6.928669990795058	0
9.091725828089876	7.481050637375803	0
7.802803864320226	6.516102613589868	0
9.882332681993926	13.754588721112128	1
8.403046650591685	13.495315612324818	1
8.689752142800144	5.498046780142216	0
7.370562806263308	14.156413667753947	1
7.851505312796229	6.882454177127031	0
9.82340994081493	14.157455717944458	1
9.187470149205575	13.027527915534206	1
5.538249383267262	15.912591180762249	1
10.303926184707814	13.36751576524225	1
9.029639079315919	13.40228231719482	1
7.314519403727472	14.021848685063361	1
9.323805104371653	7.106876658859309	0
7.416397001498642	5.297515651962241	0
7.304354104298516	7.333511194618925	0
7.1919543153762	14.125114902346946	1
9.621461113131327	7.657995333235314	0
8.14178512185168	14.936840035643272	1
9.852366279237941	7.62100034659873	0
8.457459885613032	7.058610406442603	0
9.83917732964398	12.430053205439174	1
6.602118079860627	11.927196935545744	1
9.562683975888651	6.8848814273468335	0
8.572033587129582	14.093347801913952	1
7.892663625925825	7.021024100183576	0
6.105307805775136	5.910882179631054	0
9.59873973988802	5.0319938018140835	0
9.495445796725571	5.384713140758821	0
8.101267669882716	14.25661304184984	1
10.012023867710004	13.05346943200387	1
7.744984958645833	14.059235049911294	1
9.069094709781508	4.33978725457808	0
11.282308021276716	12.648534322006563	1
8.991033724855168	6.546048204634322	0
8.444034659182835	8.463713832235648	0
7.549834918163638	6.902064626686041	0
9.023094902734618	13.50108205889358	1
8.06819120085983	7.144931032930521	0
9.800725214993978	14.394705567742257	1
8.413478373761242	7.809004026841846	0
9.126055095201853	13.863931679795074	1
9.763727731116305	14.852102035548487	1
9.716843071618575	5.3910367359582985	0
9.596858371701739	13.016442432075692	1
8.868604745212215	13.25624448839868	1
9.735555259333042	13.580669321133641	1
9.196351629211193	12.934327088499698	1
9.695653491473182	13.768217676168971	1
9.274674983074748	13.876389058606486	1
8.84586533234599	13.56342859393723	1
9.762450683666334	12.329687668307447	1
7.6960215175188695	5.9634635005402234	0
7.726300250635044	13.333710334317262	1
10.543425579943019	14.230833229028592	1
9.032774452044718	4.935152076742576	0
10.338435913678321	14.475233888651713	1
10.055541392503422	13.993267088403313	1
7.888717040934231	13.141549670155818	1
11.228421644680733	13.419144292582134	1
8.808373198329813	6.718972790810634	0
8.882090168474054	6.785194756934372	0
8.825755844194022	13.982205910339376	1
10.207307438678818	13.623067739196237	1
8.523205256988776	15.296715921892472	1
8.450449667843227	7.986690681896844	0
9.277094551720953	5.896305249935185	0
10.422093583879136	12.670421066787814	1
7.626491191918992	5.249815145848467	0
9.047116067942543	15.313253483066404	1
7.736229631415517	14.175931861902907	1
8.926160699038592	5.667172746492338	0
8.501783119881159	5.999461637450366	0
8.570951451163792	6.02406792747139	0
7.75434627454646	5.918202646865967	0
8.7973856650171	5.778808567398154	0
9.907334141334037	13.634569528493486	1
6.96646029308382	14.437477430748835	1
8.088995716718557	5.7192714421980755	0
7.353258639446707	7.385306634241607	0
8.079133022622882	13.17095009859779	1
9.3084665808561	14.168513031735253	1
8.181510263308306	7.753505413413231	0
9.84785495839662	13.897113967130633	1
7.33493293686192	7.280194127422444	0
7.930836881850584	11.638006776197315	1
9.558862053515849	13.642830854797625	1
7.752528148231519	6.864087063997491	0
7.152000509770214	5.966969688481824	0
7.884044584806589	7.115816787125612	0
8.633691482837001	15.800777608354057	1
8.659007271680263	12.295530309002299	1
7.555931679608518	6.420536455216911	0
8.46474658271956	5.023138726958294	0
6.334954123537612	6.2163735934949695	0
9.659054624347304	6.0942578132288245	0
7.54041461807438	6.437354528189231	0
8.094778243951232	7.732807128996298	0
7.30710323483342	14.384087594186102	1
8.14507912346133	7.500560846241581	0
8.381833475132622	7.76069923776862	0
8.238147815477678	13.916122493428302	1
7.26293243413972	5.638753468411944	0
8.75320207237504	12.858987145653797	1
10.661919209263214	14.472959241220716	1
9.984113453300008	13.412308603635097	1
7.85316600253606	5.74880623696974	0
9.378184033252426	14.795737383321898	1
10.023725427168019	5.844170613429389	0
6.758270244672133	6.13597853559674	0
8.706894765712857	6.813457182092818	0
9.328167581604054	13.218383499501757	1
7.661926246983503	6.96586640680973	0
7.372575629218693	7.3200646676651715	0
9.526987596148386	5.525081763216783	0
8.766810314234752	7.4318775503871395	0
8.05175281465174	6.921198341696133	0
8.728764109997089	13.910609122023105	1
10.630247105802678	13.367538973269482	1
9.210023609040617	13.547456930985717	1
8.449590683935538	13.855945740772972	1
7.858721245912552	7.101345893977707	0
8.210191930550572	13.62130691118541	1
12.002836280233645	14.294157242109952	1
9.234544242168603	6.705213132451292	0
7.5705182145671355	8.044138242223948	0
9.07088523707394	12.750902361855251	1
9.990485795530889	12.302731399658914	1
7.943119838037484	7.01591532603219	0
8.802442139518446	14.552435903545405	1
8.091079204857818	5.895581048105719	0
7.491936533488199	4.889561033217989	0
9.929999614394605	15.431762792008826	1
10.686255515899063	12.816471720037935	1
7.243344866945804	5.896407667543003	0
8.022506214988264	14.981974351321934	1
7.740761948299916	9.030316049425622	0
6.889963797212175	12.554943225531712	1
7.256781723229989	13.525565811781938	1
9.762028154662794	14.496406367453236	1
7.9672654306257655	14.525657400928639	1
8.775956414880984	5.25860655230043	0
8.36561796888216	12.295440216728583	1
7.6844661392351385	7.164610244830413	0
9.81449674311808	13.740718052814788	1
8.87474588814999	12.156769024047891	1
11.516176826501777	11.108867749867665	1
9.330810541657113	15.554304001543473	1
7.475773283999891	13.791059769627418	1
8.860367700177518	13.48284770463629	1
8.039696894625992	14.089996214154535	1
10.480026688739764	14.1989937771809	1
9.074446581938217	15.933335752872765	1
6.941557183408161	15.126265172217712	1
9.792983661155064	12.275181862102041	1
10.394277294459979	14.162813683368107	1
9.605646425717058	12.332643358488745	1
9.47046585170143	14.198221870595702	1
7.055197613758515	6.169897391372365	0
10.271160875697552	7.224958307681664	0
8.64946016824037	13.745071997127763	1
7.057893793284391	6.364417590949253	0
9.687929455361584	14.96621629881256	1
7.2596858357994165	5.573242539933027	0
9.806627670774628	13.278978315483903	1
8.48717445033625	5.607788896597734	0
9.582160814161359	14.931711191078795	1
9.311115863651203	6.790430248208565	0
10.768464795212576	6.758369603863892	0
9.58385805104072	15.655331590172702	1
8.59528262019987	6.865434614819243	0
9.839524635994255	15.103913339196588	1
7.795289706713466	7.5451401050344336	0
9.631223582976007	13.392115035466324	1
10.181177879711672	13.765645216650732	1
9.04342234505592	14.439455666737222	1
9.361656939131226	12.414485802901371	1
6.485804013406762	6.384024436649456	0
8.014936764992521	4.548883658755846	0
7.041478857495056	14.438620252431893	1
7.560826275615898	14.167516712562252	1
9.433376522260456	7.96328230544707	0
9.073572372705957	15.1188346470576	1
9.459451111226112	13.727222296551327	1
8.863445339646647	11.803171722325704	1
9.362279501476623	12.655456906312002	1
10.248483352457773	16.026670612689106	1
7.6076837395681665	15.407260383355606	1
8.06990339987959	13.42563366277052	1
8.906246813998852	8.12098632018802	0
9.781186714814577	7.250903568856235	0
8.811231283136399	14.420512511219414	1
10.114163533604241	6.339757898998651	0
8.671913443244835	14.204856264236998	1
7.057857844747668	13.879677837113734	1
10.529203299983056	4.750193882177158	0
8.504682037296702	8.141447082972492	0
9.52628880105257	15.49197467185838	1
8.824752932738953	5.1816371296196815	0
9.770306854186458	14.113269001384019	1
6.7652407722093235	6.3218656166126115	0
9.280425472184165	13.51008477159007	1
7.972288811515413	6.170121718966588	0
8.384988974737944	6.864994973659302	0
6.04951806396695	6.308220816615615	0
10.537501422247127	12.785402885409711	1
8.873002258263462	14.562068548150279	1
8.245985525355422	13.006402482829003	1
9.877070369409822	12.763588804792956	1
9.399959213191833	13.072956752930088	1
11.234657861412321	12.778881226977136	1
6.532238000266569	7.4158245620546435	0
9.128002506444728	12.254725418292832	1
9.322316234628525	12.355260910634659	1
8.772753249573391	6.0499492613783215	0
8.318830570301857	13.311576897779878	1
8.309724289109703	6.15257832810202	0
8.901180726300133	13.356374309392333	1
7.562268153632849	12.816755954730203	1
7.22140471529914	7.812050005201299	0
9.163813222176211	6.178786933115629	0
9.34351427144566	5.013171639226778	0
9.494932124549036	13.680843687429048	1
8.749150141561628	4.138487494811837	0
9.01756373573084	13.359261828517807	1
6.955071361196328	6.103997676278772	0
9.590731286024027	14.557984693124672	1
8.431112643719464	4.746880972996252	0
7.70913778987091	3.5186214943122125	0
8.418411116833	7.172886158493537	0
7.3148273490517965	7.3938261186486915	0
8.262950634779552	6.436478402689808	0
7.223892711141812	6.90816767773069	0
9.51406155983643	13.664879015981112	1
8.06123958940943	13.362049525634644	1
8.43044373287467	6.345581890664683	0
8.338193922559913	6.877272849406626	0
11.901155583117477	13.78067113040804	1
8.652535684682787	6.8192553098377715	0
6.702350801684152	7.358812748338333	0
7.583999752647603	6.082188251917698	0
9.145383248345015	6.496844318876513	0
8.761851575950262	7.221281551725085	0
10.70135709979314	14.431318821322208	1
8.55941658154075	6.234801148515223	0
7.03276243457286	11.609080096991946	1
6.803365230601396	15.483959353891091	1
7.332257439378469	14.337013326037116	1
7.179357862490791	13.679958548173174	1
8.971757958843108	4.959461794639736	0
8.598578914052334	12.905937053795238	1
7.565684310821557	6.959949455163189	0
9.369716359757406	14.919774057810137	1
10.155854477925969	13.169466018323472	1
8.438508215678993	13.796740853936406	1
9.12840555394241	13.728635763618808	1
7.328470847156902	4.703318251922776	0
8.689804218341317	13.38628773136922	1
9.011100896913797	13.833716915283887	1
9.110790482316894	13.016667496399068	1
9.9641404389486	12.500106446426095	1
9.451358225738218	12.515385810081535	1
8.77589062590841	8.021791666591866	0
10.448067986405963	12.150310244056323	1
6.877783441353708	12.485462291461209	1
9.548744581614837	13.666804640172105	1
6.995161456338364	6.915678529298008	0
7.705863644353359	14.347551371618698	1
6.671899918801182	6.717074170315583	0
6.762594818948464	7.217308148924688	0
9.994749550952378	13.969056879508367	1
9.767130619208997	13.411231305457893	1
10.570741378625517	13.112053929269093	1
8.658749320409797	13.234171370897904	1
8.516744405414885	5.974203569056195	0
9.260160631787057	5.9999608196169	0
8.674491477617304	6.3704552675150845	0
9.407701885709672	12.743778934395456	1
9.958842719871223	13.963314444039879	1
10.251405475690675	13.456789756327428	1
8.506778890575635	7.154234819510852	0
8.245180397687532	5.122104278199833	0
9.437640693266555	13.335556915418596	1
8.937810442839101	5.891868081510803	0
8.608808192021318	6.704199737907131	0
9.073674505287716	14.992257837537684	1
8.625114421353004	14.592195432023932	1
10.153818484591051	14.232737021470575	1
7.55659644211787	6.1519341379315735	0
8.16054344915076	13.025818394821663	1
9.511317935477914	7.576540868894766	0
7.441538057878678	6.471945537215682	0
7.766056417255642	6.268309655949418	0
8.664342877243215	5.79632148523148	0
8.868657206283551	8.955046268297181	0
8.380497209011963	13.580713214006682	1
8.057838553569736	6.593620799980573	0
8.090524262848948	7.909942028504819	0
9.003228048306383	4.670288795701639	0
9.837430047318312	14.637987895568813	1
7.248484567255172	6.419665649692743	0
9.208726813629534	7.472031011602061	0
9.437347106203623	9.12316822464446	0
9.693463456860856	13.76675305062649	1
9.319001173140844	6.276905358268685	0
10.920968386370458	13.622068107518135	1
8.577468384132516	6.03511171851575	0
8.288111392592905	9.486135610630344	0
7.330369789267656	5.107563982444114	0
6.3248001463211825	7.825065185993255	0
8.526186891899371	12.708216190848233	1
8.374150392184761	13.987903745980635	1
7.856673631918518	12.41585814247382	1
7.879869929524463	5.221488003213759	0
7.400052459691909	6.8514772025136566	0
6.431818851965373	4.617889856720359	0
11.328600636253901	13.11084263764912	1
9.428391391684396	13.159734799699404	1
6.9384379116524615	13.805930330182006	1
8.863036388985972	12.44589109874985	1
8.056938809996831	14.619302020985925	1
8.551424990683103	6.504824997660924	0
9.377947322179631	13.00623850148064	1
10.624823769358242	13.419509956207099	1
8.991456321170773	6.01090136221888	0
8.210626920505195	13.996904481230047	1
7.874189153012924	5.293931732005742	0
10.29063724093508	12.17452998563728	1
8.810788649858248	5.440735089545797	0
8.76968164700732	4.277688424618237	0
11.234332828125197	13.605510448423857	1
8.438913568660373	15.2712789678351	1
8.511128129991636	13.498288009194235	1
8.32255702193401	14.325881029650098	1
8.604435904497295	14.473112537078396	1
7.882453229690208	7.481807762910851	0
9.275606321686634	13.433505507047485	1
8.471745562153194	8.475545940044418	0
7.445717803750885	6.9031878612798625	0
8.79900508714861	15.376178957881544	1
10.11544612457718	4.428616003877	0
8.739103865899684	14.267819724153854	1
6.430383844578953	12.71595689152344	1
9.62400140296704	7.44373637330095	0
9.292263889494649	13.588746661610372	1
9.21290547662388	5.923624860539972	0
9.527221319776169	14.719632269333841	1
9.199346098397376	7.510233599353597	0
9.502868478229244	12.53318606700886	1
8.887126789293726	15.473622330131656	1
9.384338195536571	13.642155407575878	1
8.941724588917536	13.175450822763542	1
9.422324692045592	12.044686333619408	1
5.743726960849061	6.6493110537319025	0
8.441021741370179	13.865871982936488	1
9.500514152887044	13.61886968220065	1
8.150194600303069	8.306630283896432	0
8.933369432001317	14.170111855755849	1
7.948536427838497	5.816588373100364	0
8.620549816637595	5.6597275203580315	0
6.8344789874561265	6.362965803825713	0
6.771329596367682	5.585817189069949	0
10.976806737316158	14.79500628787496	1
9.728459985638045	11.58127721298463	1
8.999955291469432	6.515773393377487	0
7.967105537725525	7.743661836218816	0
9.411770443720176	14.004753091930331	1
9.468936118774947	14.324589167709515	1
9.1702414811263	8.301199366205154	0
8.302116855520758	6.302517017205857	0
10.293355231234028	6.896968022527913	0
10.391384318538433	14.068029642184689	1
9.548827516673047	13.796881381249976	1
9.161877770636723	6.97664011208657	0
8.947982044356866	6.2722144816500265	0
10.43398623258857	12.648832135014645	1
6.487536087603233	5.596889853059082	0
8.547238863367534	5.4987850438025925	0
9.071492649255477	4.540864368160667	0
8.688772849891768	15.798747613025878	1
7.448616254781707	5.810874380051536	0
8.770723533261853	4.834788965049699	0
7.383709708773966	5.655298019899986	0
8.242707638365745	7.88656357133595	0
9.888769545719258	12.516284020550124	1
6.701093148089394	6.663868361283808	0
7.686694462109962	5.553338469981608	0
10.03591621440744	12.160090166328615	1
9.060947799834409	14.543116934933884	1
10.82643348542027	14.626169151398962	1
9.68545522469981	6.815374812952635	0
8.79310448900017	13.218610064393465	1
6.661373635748198	10.15083963734972	0
9.068580570473642	12.917150353295234	1
8.041032608117163	6.633115441410116	0
8.285590979875945	6.630773631496827	0
8.15585739987987	13.553116554234995	1
9.037427302484977	12.826105163907329	1
9.675312607067914	6.26932144331016	0
8.929242788056133	13.984538889856719	1
8.175060747708264	7.337151297809982	0
10.062909633216476	14.171071595720608	1
7.860522540704089	14.388105689635585	1
8.781249712137967	12.733647524918347	1
8.66962212721245	14.636174975084172	1
9.370480253210419	14.88475627839651	1
9.176496407993106	13.020793944365746	1
7.704584510976251	6.5694138642454725	0
6.130559788904655	5.116978855794585	0
8.263811296627903	6.587978262676558	0
10.12391975414261	5.840841070969015	0
5.571680906054876	7.309820865870215	0
10.14641530921416	14.72715778782893	1
9.698944873817846	7.61077005964431	0
9.279624773958838	7.350099735425354	0
7.95544416567781	6.296244098992384	0
8.267990232102223	4.941728734564694	0
6.066502070917241	8.727362737073785	0
9.748901811406558	12.794900008934084	1
9.61612613411836	13.690581464564888	1
10.117927072753822	14.194258335517224	1
9.8358807201621	13.588150317222167	1
7.808191538847137	13.543066601979502	1
9.281654272985046	7.2876697341024546	0
9.487473547201889	13.934782042318277	1
8.460298355998837	6.003495698759235	0
8.337443742689969	13.72317391831749	1
10.081063006560923	13.227205023422531	1
9.823185938241213	8.057908287621396	0
8.208072483758443	12.215435404507687	1
7.632281226935534	5.80792945248918	0
8.233428217685013	5.703566219421857	0
8.848057353337522	6.2489384023056695	0
8.462737373600154	14.469035047951056	1
7.1819105582673775	15.09437346598902	1
8.49162220758854	4.481625395624356	0
10.617081441470901	15.323316933325401	1
8.460565068489908	7.0599046666513665	0
6.972145626448416	12.163464773601252	1
7.738776654238393	14.965479549298724	1
7.429312081948542	5.56358236289743	0
9.1375797641563	6.580471855868808	0
10.496827510291554	12.779833608398834	1
7.393362129529816	6.914850554174178	0
8.99423089824054	13.650860549947932	1
9.828825835392045	5.95467984234151	0
7.937014515081372	4.07351176643665	0
9.231845140269593	5.869606854065234	0
9.49087087645861	6.778405032494404	0
8.545472485375027	6.332159966243903	0
9.866583769511827	14.006168839798868	1
9.260293082796585	13.438543649757802	1
8.339812180992297	13.478077647384072	1
10.980836845182914	12.293562571886742	1
9.277653865019522	14.486873361420816	1
8.564947104940652	12.198245775207358	1
9.537140629137838	13.017514121100376	1
8.926472515959714	6.027883482280624	0
10.705972923876324	13.929746414848939	1
8.414941275250099	6.373607442471823	0
9.598039034933961	4.411003509959553	0
8.595252931821003	4.660358257095559	0
8.737276511249457	7.353937307835934	0
7.7309795365913345	13.672090158171633	1
9.825751157942605	15.164936237570592	1
7.251929436629487	13.097149498849125	1
8.74403895620196	13.775782666438365	1
9.840772722872757	15.034469559603377	1
9.643584375037172	9.485946497728747	0
9.151488803012198	12.362178265825555	1
8.438614649464304	6.304442454396698	0
8.037619381255123	7.615351596015855	0
7.197264046271434	6.443130787732005	0
8.471240125143252	6.576218886615388	0
8.5358006848332	12.532925930933143	1
10.967587608009454	13.031168595851005	1
8.899942303962971	12.549266696720224	1
8.557616782920714	5.524991495675231	0
9.01370319781416	7.117240626355367	0
9.450414304671764	14.05203765611617	1
7.987574847163604	6.962508026958739	0
10.510030799696471	11.703193419249288	1
9.154197339510702	14.213542870916699	1
7.9869004978866895	8.34236803696535	0
10.641129921273004	12.857612244357666	1
9.02030364280987	15.24827183545026	1
9.262695797540133	14.223216073582709	1
12.00759266283243	14.645985810066842	1
9.22589198903267	7.153611780478885	0
9.024779313611623	8.962387956320885	0
9.138276681319786	13.867970044477701	1
9.652600788630266	13.779481675571523	1
7.024176876043721	8.247643653539637	0
10.070245031057901	7.744732582364014	0
8.848715779666657	6.691542608084693	0
8.80122578110151	12.076147673602572	1
10.298869390671744	14.194092293592124	1
10.136223639657679	13.12837616784345	1
8.903217560153564	5.7643238445408755	0
9.069812997010663	13.329680547299422	1
10.101406249574726	5.200180895387961	0
7.646278825535591	7.152045389604969	0
9.56230373333754	14.130239527283821	1
7.801066013853469	5.510582629549906	0
10.181490059847281	7.293049415014002	0
10.429328211043124	14.244121793378053	1
9.26564358267488	6.350065984081134	0
8.847147242151472	7.170452160681664	0
8.177223039924097	14.014226888327292	1
8.243139820233417	14.340060940228764	1
8.145155835437363	6.459305740370106	0
8.477244656032196	14.164783755041213	1
9.364274936307966	12.325134111166985	1
10.245239792190116	13.329578647565397	1
7.340454862534042	5.172317735756077	0
8.104535099007466	4.632702927030758	0
7.044095325655785	7.072124679078765	0
7.70372325855925	7.5890878837467985	0
8.557933467412006	13.018511771454223	1
8.104577871698622	7.897865239081601	0
8.431342098739167	5.290557858560741	0
8.78904140931686	8.68596891203752	0
8.118168370472278	15.615528719473225	1
7.451438739124503	7.523714078044635	0
8.821645738055361	5.762912803228242	0
8.494529114463528	6.507871802225301	0
8.36746286827707	5.854030726533507	0
10.197096919536076	14.612663496311384	1
7.917510418944035	14.219694635884496	1
8.35375366999516	6.162880743545711	0
7.839907517356967	7.0000835124339735	0
8.951178428826633	13.525482340355307	1
6.0663809518251455	6.252116641137485	0
8.808762743759026	5.229274486543232	0
7.185617713953778	7.436391699166069	0
8.041269124609341	14.229455743089249	1
8.077021165960854	6.841481266740645	0
9.204140272154218	5.308317681499887	0
8.12980314064071	6.035924701661308	0
8.921641718220037	14.639845832321416	1
8.605249244668233	6.185277140806281	0
6.009081041325054	6.605853221602433	0
7.060159908433402	7.961206332015296	0
8.537026525385023	15.127712863436154	1
7.922722302916419	13.064595737650217	1
6.9730575838127695	6.850679684006068	0
8.284680697519924	7.36964175453539	0
8.07799966233359	8.753739235127277	0
8.486637833526988	6.991838095168685	0
7.324929174590199	5.390726191523671	0
8.897785696534816	7.524343583843107	0
8.795772190974384	14.827654937165818	1
7.214025542160293	7.209412858642279	0
8.141548406024528	6.522924200249525	0
10.131762219966886	14.745672843616209	1
8.41502031745657	15.21330151660986	1
7.094131764682165	8.105423005510083	0
7.740699463508888	7.047338294287174	0
8.069381304601029	13.872033776367434	1
6.847680550126608	5.702611668414159	0
9.53545459692487	13.476908937092094	1
10.447307776982745	14.461084029301006	1
8.58837196875065	13.239214005529806	1
7.330748363921561	5.303334746396398	0
10.303141725663556	14.327605117907812	1
7.351019215046356	6.637797027802761	0
8.566139645294852	6.358033327096225	0
10.657987366497204	8.234068453180523	0
7.967854336343377	13.768104199934006	1
8.595570192448541	8.537082330077958	0
8.734802989707742	12.168007355970207	1
7.315559508324516	11.3071022954522	1
12.027635943214879	12.511239037059621	1
8.587852792881257	7.7057394381341755	0
9.443745781518064	6.950121493469482	0
10.633137568276405	13.43343300956201	1
8.470963169086023	16.24804863313996	1
10.472410748431862	15.224557162638765	1
8.96700363592616	13.744649938421178	1
9.486067610234327	6.102545337051659	0
9.382382013012993	13.409655745703857	1
8.08480762388537	12.35327401228445	1
7.425709719978768	5.486452778643233	0
6.73740832895225	7.70117126231866	0
8.839822835608826	13.573721162567145	1
8.59916025302039	7.038442577111002	0
8.227400336601377	5.701772737749302	0
9.298888831011196	13.982369935645199	1
9.67291042138457	13.44338829528889	1
10.307809287016473	15.830910688019529	1
9.300547950377357	14.402099844190342	1
8.685019620365406	13.215894991175572	1
8.910147250361467	13.006025593204328	1
7.725981041456917	5.5063861976053925	0
6.678400766756864	6.9050876855357455	0
9.042368831088405	3.9555910388427917	0
7.245412568996022	13.830008164985239	1
9.725016290066197	15.008252008826375	1
8.884751018996086	8.785879280465945	0
8.03253662194273	6.078444789537781	0
9.036924689826849	13.086275508323713	1
10.075280710992734	13.128979013661885	1
6.899093272626166	5.924493192386295	0
7.154979924208428	7.786540827616123	0
8.086995642576051	5.330247008816242	0
10.303442266073338	14.283788408724698	1
7.982544997631837	5.717541107743932	0
8.734702167722446	7.297883836831673	0
9.278216903975732	14.047254057950441	1
8.352751910729655	13.184075399555994	1
7.464530238355702	5.838654811012154	0
8.843244574298245	6.808362145909456	0
8.530496355615597	7.393007463823561	0
7.936287225778395	13.046125707221279	1
9.72474541320707	13.87065002913552	1
8.370265661336271	7.763316044848601	0
8.516862801476586	4.64638172041754	0
9.17672429996301	5.3651695002071165	0
6.902761944066356	6.777341200222299	0
9.078313786346431	6.993328103424515	0
10.063794592084362	14.768746943948337	1
10.561950841490212	13.7259137995784	1
10.23025624876947	13.589693243398127	1
8.917933484585435	5.50580665703577	0
7.616753303410696	6.359504800791335	0
9.254928608832289	13.916046586540803	1
8.555311725676473	7.282477249751386	0
9.7279388082505	14.19944521961802	1
5.93060603359937	5.803590541444871	0
9.288245027790666	4.830665064720557	0
9.064924483785767	13.487615982106183	1
6.982036916353334	7.820653354222898	0
8.589681074358703	13.624998984065021	1
8.170126942041552	6.250111684002785	0
9.174740290517914	14.493347684393331	1
7.194133107430225	5.093773839627394	0
8.270377710727187	16.677131887692077	1
9.45856668666381	12.654915749444777	1
8.052821227390188	6.387815463704817	0
9.024088796508696	6.24652164550438	0
9.462961135603667	7.680259454484588	0
7.125479455191362	5.877064695618467	0
10.15188520768228	13.791868508996313	1
8.767079174589204	13.512226009708128	1
8.465445777021475	13.772066458104272	1
6.365808735724819	12.032964868732996	1
8.545196583308552	5.638330751507509	0
8.896164608699547	7.450339857926643	0
5.641071500941758	7.274722297681806	0
9.706438257203029	14.154929184366182	1
9.609980643738943	13.943243565684872	1
7.2693232850133915	6.865947201568375	0
9.324443400094712	13.912869680601744	1
5.905200789403268	4.992758534432168	0
8.770857927371079	6.982508220859577	0
6.764358883604147	7.113333603893571	0
9.439251351917854	15.426838767311006	1
8.049125484333262	6.925103145484655	0
8.552320387189175	6.620803059435107	0
7.67588894950357	13.425123591236666	1
9.8663783566444	13.220741457016642	1
7.742943613251805	6.671228047730075	0
6.433934094433825	6.566293512012764	0
10.661755423165284	13.345132044871123	1
8.094307215715341	7.987841768488315	0
8.082192250929673	7.303090395848296	0
6.556513261980324	13.485747600404112	1
8.26007991740557	7.505047925666023	0
10.150090861696848	13.143503865119406	1
7.514506539642108	6.87469643972064	0
8.562846071670334	13.529402751611316	1
8.294609957399823	7.487199730107521	0
11.288832634497012	13.914377852051562	1
9.31238638317281	7.039634000029848	0
6.485479641685867	5.50874410221398	0
8.5844400720366	16.021424300640703	1
9.011710659465226	6.9124901892555135	0
9.137713001701245	6.098118643081363	0
9.045191650362856	15.041269551605962	1
9.158273105613263	5.790988818463486	0
9.999660105992055	13.03322353088837	1
6.905166505573335	5.036341676057855	0
8.917875367595755	14.76838118464571	1
8.4949690608	6.688080095789299	0
8.69120148679751	14.674568738422275	1
9.501006374766853	5.730630704074355	0
9.43547210513988	6.315252820554179	0
9.000718432535603	12.616217023889275	1
6.508692142682306	7.1532148123170325	0
9.364858711827088	7.416213813225018	0
10.039535025928359	15.076874592557607	1
9.715052578263071	13.655306239262265	1
7.612998302829556	7.303005863464289	0
6.88641732297601	13.71988239043277	1
9.176882859781404	6.187038209361903	0
6.297270139825223	7.697764760007811	0
9.359006939610817	5.262627254389975	0
9.911406156312541	8.279823241378795	0
8.326463165376609	14.126721632349934	1
8.747772609802546	11.984185009844397	1
7.463197475154035	6.105607417911621	0
10.376283393755305	5.098077678336567	0
7.599962793021148	13.87071256633091	1
8.953046921514892	7.992737481746193	0
8.281766416424992	14.218897458458818	1
8.523837593571175	13.942498914841375	1
8.53383381656121	13.468415832346212	1
8.967695972255015	5.468527114446549	0
8.756520239565445	5.439552689286431	0
6.486247525899004	5.60249652326735	0
7.746484695789104	7.355453236994765	0
9.210378461034258	14.012293083486979	1
8.046240605905467	6.148917123805987	0
9.782826927773348	12.569239008079446	1
8.959446625839233	13.909517089229881	1
8.501807740031163	14.488948129381408	1
7.945287663826035	5.915099521773799	0
8.97250914937775	12.626978528247433	1
8.557639101075289	5.858118872308138	0
7.574356453739586	13.425124744638696	1
7.8516139325736365	8.594289332348467	0
8.83409124545095	12.086764476230854	1
7.102554540152166	13.25626697219334	1
10.308426939929282	5.8474725396276845	0
8.850920733992782	6.065912044673115	0
9.756292950207179	13.66302683783105	1
9.620865914340705	13.33447792838273	1
10.084993411334931	5.990830661728428	0
9.305448344983548	13.186744344977857	1
9.356969367835502	6.38816001050936	0
9.097086324929958	6.2534274111922805	0
10.132122550327981	13.185791830739154	1
8.550505684271728	14.209173827883752	1
7.020987104142811	12.55890882630075	1
8.72664517954648	7.0006200671200185	0
9.031223742426075	13.30276764358716	1
9.219182762129583	12.251562757355023	1
8.684987970887802	14.937886590626908	1
8.511270662388778	8.13516025903029	0
8.742067742559282	15.14671821525195	1
7.446985140584129	5.709878099839886	0
7.736728925786169	5.58434491088494	0
7.48548816749652	14.110815862023237	1
9.315639208892447	6.322166636792546	0
8.722388742728404	13.125162385095326	1
9.21649038553557	15.009303150524097	1
8.999885984786378	6.599388663318964	0
9.889369216999345	14.200197377064788	1
9.239222277752006	11.980334015971676	1
8.047308573062608	5.397945321137667	0
8.041105933667827	6.173766022506636	0
7.633350228843608	6.982706998464227	0
9.459059725110874	7.503083873196164	0
10.52200687039511	10.959360608681209	1
10.58782100161991	13.83428518139832	1
8.584368887620867	6.309855731924601	0
6.715581662105779	5.5856859090351865	0
8.577379607568268	5.8411094237216705	0
8.7859019392696	15.092514955874192	1
8.219232558258739	6.1887632325635895	0
7.204776028767091	7.4164571812919755	0
9.044595388617006	14.443318575595503	1
8.477703301217852	6.333935372819712	0
7.3408087614449995	7.96469030089764	0
8.773136562833983	14.545587718279345	1
9.976841291244117	4.869379009663314	0
6.628337325977148	7.332630875491341	0
6.064488539383181	6.4726455494599495	0
9.9327302825226	13.093852927204109	1
9.792222626681099	13.580529730948527	1
8.089815633994476	14.254643183883601	1
8.82586048750233	14.197548312610163	1
8.908249580230699	13.732078766655622	1
9.790009781525892	14.234154659002131	1
6.648432929780996	8.111987299366767	0
7.63152761528459	6.622994106052202	0
7.789435204789232	15.103812072604082	1
8.406067195847065	6.274345499438725	0
7.354720957363819	6.961495596579753	0
7.982652544322574	7.425523005481548	0
7.681079579847419	6.593550888406637	0
6.753776823561205	6.646963456938423	0
10.3368960774236	14.606896159272486	1
10.46417753794988	13.252633986754994	1
8.609538566764478	13.83372658995182	1
9.834859478550552	7.309383138077484	0
8.467015054602541	7.574862632868799	0
7.436704937346478	13.684534523090486	1
9.661088894082694	13.57724895341679	1
8.477800217224209	12.946588009749084	1
9.331742252309681	14.28900289245605	1
9.907809960146977	13.428868542843944	1
10.47458835325742	13.880689886386502	1
8.85265679922405	5.911230395802355	0
9.656824025455233	6.657923552593449	0
6.267753693693012	5.250472232799813	0
7.975445720373985	14.253473689785716	1
7.842899556461728	6.079611377391922	0
9.202390483666125	15.40214987100977	1
8.768847319462331	5.900845686176162	0
7.653750802446426	12.57199391537921	1
8.184593505379187	7.1144749201406805	0
8.173762554806771	5.814771972502468	0
11.2227231922484	13.706953211858695	1
7.46856882017712	5.331870405062668	0
9.898938356631042	4.626109253537923	0
8.491976607708962	7.225760325010525	0
7.422894294277901	4.571288552036144	0
9.668800028457216	13.608033212710769	1
9.020251415858834	6.417710921845064	0
10.875164576709004	13.967826712970394	1
8.415901542884628	13.51838612720639	1
8.376646013344633	7.314521904356194	0
9.505579739022783	13.692912813268338	1
8.68673864903704	12.675196611753842	1
8.80798831999511	7.5174698966446	0
9.544164633102945	12.726471079397406	1
8.471826864597272	7.3349522928232584	0
7.856805478246602	13.566993662477167	1
