0.8132602782114091	-0.48096466648633285	1
-0.05913479016307703	0.19814744064074932	1
0.40095507256144913	-0.16944411460359293	1
-0.2641189105344016	1.1497798256741567	0
1.6990452121586774	-0.08527267006729669	1
1.8936976129835112	0.07415797165819027	1
0.6076791924945922	-0.29574457650351776	1
0.6818849957933614	0.9500772870597386	0
0.023414271297322105	0.5332113901897805	1
-0.5566260975199286	0.8544207331218261	0
0.861965708952398	0.5152756483122385	0
2.0027972336177204	0.2221450180161218	1
0.8376908680208781	0.27438494131485336	0
0.22724253535844163	0.9681052517093357	0
-1.0756284514948549	0.2767763427404077	0
1.5980867613864955	-0.06518798394014554	1
-0.1831573229547957	0.8284194032644658	0
1.2523224708487435	-0.44799036730976544	1
1.4048393289870589	-0.4162684117131136	1
0.5093661344111722	0.8145043988608184	0
0.7666983985726569	0.513529603257621	0
0.10236677164896718	0.28919334050315326	1
-0.5463121315644938	0.9888879221919766	0
2.072978864157217	0.4519270391632077	1
1.1468372428041502	-0.3963988277750158	1
0.9338852299322131	-0.4088697779247478	1
1.5494371171346748	-0.16772241292312648	1
0.3065837440887628	-0.20947706250494874	1
-0.9432461355130269	0.05005917487007648	0
2.1282484783229094	0.37423383461058285	1
-1.1150185752975954	0.2373535074968764	0
0.532422036564065	0.9288528429108653	0
1.637521659381299	-0.1502220528527251	1
1.0690294982321529	-0.6236078305569998	1
0.7975957504285592	-0.4174072627603579	1
1.0525484124955486	-0.5078867346455914	1
-0.07055975845490048	-0.02117310036877068	1
1.246192439567861	-0.3044442098162877	1
-0.9387358635227447	0.5232809543908996	0
0.6351981297343612	0.7569429174945017	0
0.15395249117248336	1.0181827441240112	0
0.8487297963183718	0.05499895800606563	0
1.2586567735199465	-0.6607181396860033	1
0.4775329881108782	-0.4166682285050411	1
0.27499024821273715	-0.17984494999623463	1
2.1115122148916283	0.24846848815103814	1
0.047757608143082164	-0.010524260823063132	1
-1.1343009751715467	0.10553561016868085	0
1.4735161507857089	-0.41268995665137076	1
0.8328472988336018	-0.2471330615304516	1
0.9111602659653962	0.5564517533835301	0
0.38151408172855783	0.9155178053842007	0
1.2328543387156936	-0.5402231169072087	1
-0.13625739055883634	0.97793278304497	0
0.2526675884010652	0.8149173015184312	0
-0.3986687154063774	1.1636052806030097	0
1.7070909050829677	-0.33358747124804156	1
1.5030087214378596	-0.2714790809355366	1
1.474695005462788	-0.5298230196807463	1
1.2431433144825077	-0.5183812495042261	1
0.8246049860952795	0.37476952656452034	0
0.3501548706367372	-0.1677314010887195	1
0.9674465119594002	-0.05325039793700764	0
0.13102761370963056	0.9835180216177644	0
0.9678612297181761	0.5613909977016722	0
0.668201272755464	-0.3649033201880044	1
-0.11115837158771555	0.9558698149694598	0
-0.7188081708898317	0.927720408395868	0
0.8752284330016059	-0.46794223029670795	1
0.8103425036802239	0.6199930422380094	0
1.3275211335856425	-0.42862078101163953	1
-0.30041083492155085	1.108944707585036	0
-0.4123504073530687	0.9810343168903914	0
1.0432165956327184	-0.6227789267666187	1
1.634971008895261	-0.1379474194316845	1
-0.0746594640677907	0.915304153308269	0
-0.611044239796417	0.6444232622876979	0
-0.9266105719788853	0.11682905138710976	0
2.1391921195711134	0.25373233958740815	1
0.5156497621342762	0.8292338235198994	0
-0.8991066022765922	0.38362296187539946	0
1.8348677968194735	0.052018408595398316	1
0.38426311937386814	-0.2652708229110917	1
1.0854680564718324	-0.06716919521295697	0
0.7758817913787641	0.695821884309552	0
-0.6669041748163077	0.7714906318915671	0
1.3143098731431484	-0.28944367124623416	1
0.7298008504062158	-0.6622317207236302	1
1.068696890095426	-0.37328367942845864	1
-0.5324670268297869	0.7812986712916634	0
1.010756439226263	0.09091700804106381	0
1.7239363857333438	-0.31310291453828987	1
-0.07048552193255997	0.4192495460088267	1
-0.052082947431727665	1.2214551561787759	0
1.8809492695884416	-0.32366079278912707	1
-0.7122196712020071	0.5184205298021877	0
0.9047298098663061	0.48485495839850057	0
0.09993917498833121	0.09330338807260297	1
1.8519659281593732	0.10748769997874827	1
-1.0197455521947496	0.2133260660276475	0
-0.8535284421633681	0.1310358257022304	0
0.3934882235333565	0.90037461210737	0
-0.8344851440880241	0.26668415507201837	0
0.15731468270438947	0.03931431730039134	1
-0.729535880260415	0.4582189889271147	0
0.9466938813389276	0.33407011723305596	0
0.8523406990908416	0.5924496478422003	0
0.27337994128009946	0.795590636467216	0
1.4348206049901913	-0.3792778525572638	1
-0.21001190016148252	1.0476760066237407	0
1.1614874774738186	-0.2819634939589517	1
1.9868247071006733	-0.06969561760895744	1
1.1212275102894382	-0.39728708243671057	1
0.21636870489593987	-0.04323221441945033	1
0.5869697180327208	-0.28993501310196024	1
1.9366869935603763	-0.14058806420724707	1
-0.26731498057270986	0.8867903444855326	0
0.08478839434435823	1.0385941460211332	0
-0.004350579171518244	0.48026476339875246	1
1.2385922910747265	-0.5604608612008853	1
0.16568472138884	0.2916081724006167	1
1.0414027311211327	-0.6017569485246524	1
-1.1288565575051495	0.031986823397299524	0
2.0809478998570707	0.36730204087863194	1
0.2137189512246874	0.14291354525000585	1
-0.3550861469352585	1.0084746368495587	0
1.049915036641833	0.5534883033231248	0
1.6207247955483226	-0.21322900235123776	1
0.143828034377576	-0.2055265075064835	1
0.27062965084632384	0.043952174432202784	1
-0.4805272922190783	0.8780977326024126	0
0.6644628294101809	-0.20635510257951353	1
-0.4038607384383712	1.1571795782328524	0
0.8826422280289067	0.5076967750182875	0
-0.164438281666423	1.026810132965405	0
0.06420692102776497	0.9798772813228568	0
1.2457131582297407	0.3472364717485821	0
0.23708939094601966	-0.08086319681189151	1
-0.08727194860014424	1.0110334639258738	0
0.8386686114858064	0.5300919530308436	0
1.8785285239192384	-0.04439595025696711	1
0.9334525606630572	0.15244601459189733	0
-0.8324254494668774	0.4414075862182044	0
0.4183753096091998	0.717361362147211	0
0.3618643216501011	-0.2256498617345187	1
0.5944949624909676	-0.4010614044242284	1
0.8834334208290647	-0.45920893256894846	1
1.686967626479325	-0.00208668470678057	1
-0.5623412313217608	0.8412788444206124	0
-0.1303651534011552	0.9159069956705758	0
0.5829563299768882	-0.574321469568367	1
0.6796805265023218	-0.34961614603145347	1
-0.22293728754479414	0.8543032772953503	0
0.8599296912161315	0.6303726106960204	0
-0.052099019263747076	0.8784647850515247	0
2.0226285346263038	-0.21480873203263307	1
0.016836736044248526	0.2158768549207542	1
1.1013886542344362	-0.03549898783015281	0
1.8240284085121132	-0.1558927769875457	1
0.4149918625867174	-0.22606082099954988	1
0.5574873514778131	-0.34617247525309	1
2.1338308176734877	0.3542268990579061	1
-0.8411677741112664	0.9316954426104549	0
-0.7240765464191451	0.6935337390650154	0
0.4820963994955673	0.831378947646115	0
-1.1782540482861958	0.17135131141328444	0
0.19812949517038994	0.8750693666889834	0
0.7508128941563246	-0.47412416193041595	1
1.6764775388027227	-0.40965716306718614	1
1.104759546314405	-0.442471218559463	1
0.9792596917239584	-0.499196758216067	1
1.2946299268454917	-0.4187675135674237	1
-1.0536544520591413	0.2583246231539963	0
-0.4256298342744761	1.1048821100588784	0
-0.934949048400608	0.6849555994969724	0
1.3326084751873197	-0.42004729624650883	1
1.6952340065532392	-0.06646082679562434	1
0.27371616357885614	-0.30110401564032907	1
0.35423168406390065	-0.31439832492411884	1
-0.6901732242842926	0.5445051291098295	0
1.1576054278751131	-0.3623430410359069	1
1.676394210759286	-0.19519547274552237	1
0.2721860749707017	-0.3424290260037556	1
0.11589622378315163	0.9746329888646154	0
0.9411274604770801	-0.481742230586113	1
0.35876067290717356	-0.23035294497606068	1
0.7086093645710726	-0.3258678189710291	1
0.8302957900045722	-0.06056304839851594	0
0.7456084165924182	-0.2358937521904877	1
0.9606879961391583	-0.40756070381847576	1
0.675037553214855	-0.4888842151220759	1
0.09131041063615637	0.3018191610063089	1
0.25905736554190323	-0.23721804968004231	1
0.49337762321798506	1.0051550311649116	0
0.7282099395933704	0.6440518745992652	0
0.8301761772774519	0.5792166985066156	0
1.8621597118718372	-0.27996300325630724	1
1.5206144792275964	-0.2735816147644386	1
1.9071417123799812	0.3209179154113836	1
-0.7255718714409239	0.6278141671340223	0
1.132673697854511	-0.05356406530479456	0
-0.17221095448070056	1.123985626719539	0
-0.39214528493270695	0.949552168872117	0
-0.88102339727274	0.3527406889330635	0
-0.6060034987254828	0.8249696020446788	0
-1.0632181434834103	0.27321459537410825	0
0.9803211187758442	0.37379994104119535	0
0.6264290096893039	-0.3964237094912608	1
-0.9724129522483318	0.3866134502601115	0
0.44145162443704977	-0.3309078775849328	1
0.17565675985725981	-0.06313826181670525	1
1.8010139557812048	-0.011973529657082232	1
-0.28166141043929377	0.9624072995318862	0
-0.1080007396118734	0.3818207237654428	1
0.3724467327825328	0.8911256915603375	0
0.26924431442597746	-0.22667917825800366	1
0.1646577451917842	0.9426937202555146	0
1.1315486361541762	-0.45135016677663653	1
0.947497598047059	-0.05297038213737501	0
-1.0121199292708314	0.5606471170639729	0
2.1383602603998457	0.5610279352260024	1
0.41520011838493076	-0.05913830427399927	1
0.515136559658026	-0.43554497223501604	1
-0.8798732706159702	0.27681587549841624	0
0.07048432675851812	0.020735236543130378	1
1.0020846702685553	0.4813935714688343	0
1.8765890491812742	0.052303187001748845	1
0.9792002470323267	-0.5063508860399669	1
0.13611740979781967	0.05413621572367497	1
0.46175154398488083	-0.30036074662317236	1
1.497930318702824	-0.49894627095258065	1
0.9561625951987069	0.35606807801123924	0
0.04720450900826968	1.1516364869418263	0
0.3855637862813436	-0.3390622130983506	1
0.9707584894363983	0.11560446718765259	0
1.6237877978793038	-0.26272083885789366	1
0.9038088229178212	-0.02118107604193714	0
0.14978072067455295	1.032716613750242	0
0.274424742496346	0.9168315877921484	0
0.8762828048988505	-0.47430996854358215	1
-0.8746043913946928	0.0375722342932321	0
0.14827244465933803	-0.11384089325818456	1
0.09903739228550508	0.10455466678938385	1
0.16938605612296426	1.0510398076588026	0
0.17229724683885073	-0.023762693581150796	1
-0.2440270824081886	0.9034745791945906	0
1.7453262947118677	-0.38194719173748237	1
1.8625695483099007	0.25964949216074773	1
0.4207629353391659	1.1482351352149784	0
0.763316073601587	0.6444411415925839	0
-0.07938813609671502	0.8119966382150582	0
1.0131900271912055	-0.5029747594038844	1
0.0007491589871118642	-0.042226335955816374	1
-0.7719472381233232	0.07087745872307723	0
-0.02669026519889034	0.293971867377254	1
1.7867404038885435	0.13754123153489142	1
0.08071601794013313	1.2245342012189555	0
1.682936154184335	-0.22111681939654665	1
0.8166620111833196	0.5405732957107651	0
0.6669267654163312	0.8274625710727257	0
0.9374284238044409	0.12751142454726486	0
1.4547316426813555	-0.06416186722738171	1
1.4135374234390161	-0.40227593503831405	1
0.8656961184009284	0.33664484244316983	0
0.32009648020554116	-0.09991007812308864	1
0.7343415076210749	0.6548778596692524	0
-0.7412676838164286	0.7308378515313291	0
1.9035635052504716	0.13623521752812204	1
1.3039710375906737	-0.41289595487696007	1
0.32113280691479884	-0.2735131493365915	1
-0.41048140269417405	0.8793753217974958	0
1.3666069557258356	-0.4154190972706837	1
1.3918172726576203	-0.21631877617333145	1
0.8282605054308451	-0.62636293369477	1
1.9856953392254852	0.34480356493765935	1
-0.46852158328008525	0.7086325619320402	0
0.39984626180542016	-0.3340201724415229	1
2.016211052123921	0.15776119191052074	1
0.5118992370074239	0.8083014647827631	0
1.1848310168130176	-0.6744703344119252	1
0.1773078345482124	1.0599206284990732	0
0.8783790815102201	0.6276805955949574	0
-0.8646813670375407	0.7621377107403193	0
1.303201710961086	-0.4798792401601964	1
0.3299580841288017	1.102438377412219	0
0.8617799576918409	0.02243533797630086	0
1.5088314950125044	-0.5868941139079551	1
0.24805935732330314	-0.16093549132074975	1
-0.27829481170001424	0.9360626248000448	0
-1.0580975914968265	0.4620707594028021	0
0.6940815471628097	-0.29626286907746807	1
-0.9769700215129745	0.1028306046228536	0
0.49084797045861284	0.7510561062554234	0
1.9758749110662321	0.3139277736822253	1
1.216134952988942	-0.524278347576726	1
0.8311363550017656	0.6101965606321511	0
-1.0770374338528963	0.10361089703032117	0
0.9117562113657321	0.40699991500696653	0
1.1735002707335407	-0.5792060429951404	1
0.7835946546229404	0.250500775034688	0
0.016359342211124145	0.32578651511522727	1
0.3392162779798843	-0.22445757464364346	1
-0.9698225604763536	0.3587360327230208	0
1.8607804325355408	0.007366561926708976	1
-0.7293015263802345	0.7396565435329592	0
2.1134466968175754	0.36303269547706624	1
0.48124905380963245	1.0510600655471576	0
0.859265111543681	-0.4811939507049413	1
0.06463084964217233	0.2836837325903842	1
1.0078305941730186	-0.5895529657319505	1
2.0148436412506197	0.4061804999090532	1
1.0022295411019067	-0.5832920612116552	1
1.8414492805799845	0.31352540129634116	1
1.7137718033293587	-0.153181968633801	1
-0.7876968730201477	0.6688116914203517	0
0.5174187806536191	0.800467397187224	0
-0.026257594769482473	1.049107614796199	0
0.8246653951912349	0.3532092167256165	0
-0.11084862826319247	0.9670682708930988	0
-0.9797533487298005	0.27519640796339023	0
1.4292358684083872	-0.22928656038133133	1
-0.9551813699119174	0.44248614518806534	0
-0.01840946556188805	-0.05225116831400384	1
0.9647819024325516	0.05016690747547574	0
2.1991803539483508	0.2711896047234042	1
0.6512430793536167	0.6813230088462252	0
-0.8828354441748933	0.5373659149214597	0
1.9587501168035615	-0.2358810687605638	1
0.1383148154216046	1.0142941285558595	0
-0.5773051518168084	0.9614298517402402	0
1.4501254779801989	-0.3468666093117944	1
1.5566932874874608	-0.24901939763600914	1
-0.6179361864793222	0.7229008907031151	0
1.589671507125852	-0.4280075462702806	1
-0.0014552623461844927	0.598246906094269	1
-0.46932292977473233	0.7965879230717928	0
1.048568900975363	-0.7428449971412744	1
-0.9579521933993876	0.11227075503882315	0
0.2900421619361155	-0.3096495788258159	1
-1.0173084368375231	0.28624974255084207	0
1.4012127360999185	-0.4614924556009027	1
0.886763449633292	0.3574537874742452	0
0.9549322100111323	-0.6489120530831696	1
0.39035169703534284	0.7960631330067752	0
0.0712015334588582	-0.14366705225491816	1
0.11271124231551319	-0.0048162558406424465	1
-0.0041912785288384016	0.2812821345790554	1
1.253365480900931	-0.5372041701210636	1
-0.14076687439799537	0.30992635654526074	1
0.01899277699232338	1.0462452724253188	0
2.0153362164710593	-0.0037648095607398235	1
-0.022180194882094686	0.2988248052914437	1
0.4991714155111887	0.8523135304673553	0
1.8375551113423214	0.36513699865637556	1
1.7409068120886313	-0.14656570170675295	1
1.5254692645791637	-0.29378600760906187	1
-0.06310421769960235	0.5522587059592576	1
1.7343358808044196	-0.40338265903701476	1
-0.8482561466590831	0.6529772535086209	0
0.3713528730387011	0.9233038196410407	0
0.002633011593909062	0.5196993872401627	1
0.6728144402170892	0.5658305232623	0
-0.8106702502793369	0.7440131355713959	0
0.4237413942397009	-0.4298385220547828	1
0.6506925951086994	0.6942640577632737	0
-0.32513134854545034	1.0010070142059897	0
0.5924110281488181	0.5667944311324895	0
0.9091875336971372	-0.5652928416937104	1
-0.907769517431259	0.32160825662546016	0
0.027757765064407455	0.4880794894393173	1
-0.805587995776624	0.465111858050319	0
-0.7976759661654196	0.26608412148515714	0
-0.35540213160840206	0.8725096674750515	0
0.06534940318966517	1.045675653298734	0
0.4862112107278906	0.9509315190260026	0
0.06505798538414917	0.8877892328079756	0
0.9412459058899788	0.1123798874040873	0
-0.7489074561091184	0.4189786382513926	0
0.8671284785323314	0.4600465900384752	0
1.5310926054979526	-0.33674146365952995	1
-0.572318196735903	0.8174967075819848	0
1.5596841603508451	-0.3392055301918741	1
-0.19019618172969358	1.0254047776332058	0
1.706557487467743	-0.11675789584911714	1
0.3390991656945475	-0.5214242928874275	1
-0.9294191916152608	0.27462891728422956	0
0.5372991776074686	-0.6397977979861048	1
-0.9124607697010214	0.2629565761971439	0
0.7171518279719727	-0.4371693309753892	1
0.09699781598215146	0.9256692548520689	0
0.19012733921944122	-0.46533726299667005	1
0.934629385494529	0.29053624869813327	0
0.9904638121413548	0.2513237537178522	0
-0.7320341069430526	0.6299788226992774	0
1.0035046331187891	0.37905497747505723	0
0.6986611276286616	-0.3166839985746922	1
0.24924383145147036	-0.2522449783581334	1
2.0245771855075434	0.44917036609609884	1
0.5083492595188597	-0.37931856006931286	1
0.7555405847099259	-0.47560834688457315	1
0.4848748867359224	0.8493738881712009	0
1.961357305275682	-0.027593650977405477	1
0.9685507728086487	-0.45579885589565033	1
1.0877001442701173	0.48155268459539574	0
-0.6632842510951371	0.5566164349562046	0
0.386131928648482	0.926889401705024	0
-1.0232966749716137	0.1056572241777877	0
1.015314374412014	0.1859329738616212	0
0.6382479359428301	0.5327923559372676	0
1.7171844625784072	-0.06885443615059464	1
-0.7072529513319493	0.4979613437235392	0
-0.3052027474783772	0.9690802833752175	0
-0.3852166481332513	0.6629705922105087	0
1.0083976281929738	-0.3663785213988601	1
0.20422249004062842	0.9387519326623655	0
0.5069768236855698	0.7729796910285927	0
1.3303788254684474	-0.39874019693602486	1
0.8129336890687308	0.6342836074229474	0
1.3896734038013658	-0.36721874558446155	1
0.948536229589835	0.5371537333550761	0
0.0384249537819915	0.17388906646175226	1
-1.0097203235753578	0.3338352100124093	0
1.5378890247905583	-0.36752726669464886	1
0.9998771059142668	-0.4779006348268162	1
0.9425887382487959	0.2714445338995898	0
0.9194278087084836	-0.5845126316292938	1
0.9338337901931881	0.22527346844768792	0
0.8574739716292726	-0.5562784138827053	1
0.5305181657742667	-0.22135019961628968	1
-0.41106004059819207	0.9927993901581412	0
0.12583358432673752	0.9891921692781068	0
0.43626938383372665	1.0124837219058582	0
0.2819674175016601	0.9389274619658196	0
0.11330007678261576	0.3932782401717535	1
0.42209379093323796	-0.07084911199329808	1
0.5242383737469123	-0.31076117205180964	1
0.5933049656731018	-0.4674064110801185	1
0.8035485590177106	0.5341413856186344	0
0.7292414878669837	0.6160782760725791	0
0.6172368349658877	0.7764873600277877	0
1.8880222473469008	-0.08221429687541541	1
2.060981579039186	0.6403798801953783	1
1.7562556283663378	-0.07266122684150494	1
-0.9730629501369819	0.07020605006212025	0
-0.4059113987296476	0.8282232540529719	0
0.10183404309126665	0.9392889742733871	0
0.35937733348244416	0.9250067037949358	0
1.8622128725112352	-0.23535345217601927	1
-0.18057032116186592	0.9703369506163642	0
0.7725017146689961	0.7689813049291208	0
1.4014718277087823	-0.3223274048075649	1
0.5342865201657284	0.7973339639111858	0
-0.8769210698844874	0.46805573576593296	0
0.7004321841261176	-0.4724707185410661	1
0.2585580494589917	-0.1336786320118079	1
1.6720460126414969	-0.41982467220834213	1
0.6661816757359111	0.5979134961456218	0
1.1215214194163368	0.07650572579020262	0
1.9601181558171616	0.12994387042517916	1
-0.3087622836713932	1.1494319350350828	0
0.8064234426957262	-0.5136832256263357	1
0.9605219466703698	0.5634963707495285	0
-0.25107577543866805	1.025272899860284	0
1.11653811542088	0.18475558130317862	0
0.9566502185524806	0.37012047729502806	0
0.001111203717839071	-0.07517728668003798	1
2.1147279688523875	0.33223181006443275	1
0.5596337851767315	-0.27208975948793357	1
1.7876464614338206	0.1372517601441876	1
-0.18240681581128448	0.16762198047833948	1
0.0660647671139914	0.9779835068878	0
1.7693414557908969	0.5224101510332556	1
1.8677787271571993	0.14156928080486947	1
1.680812331676268	0.09180546430449515	1
1.1245239811311571	-0.5036723627667221	1
1.0713781901444337	-0.7737082793549536	1
-0.059229545273905504	0.32357711149367074	1
0.12400236503725773	-0.12676339395821298	1
-0.8031667827110889	0.452777885325146	0
0.07733654898531299	0.27545869419708313	1
-0.1215884422940114	1.020930380879422	0
0.3526925223539735	-0.14374322500214154	1
1.0281970923253636	-0.4266776839806856	1
0.5557848054416823	-0.5339234572277716	1
0.26383922291606365	0.9599103132100306	0
1.8863886515307742	0.11659789749713984	1
1.3040770739675995	-0.16381887591447097	1
1.6612535795763828	-0.4292069182978401	1
-1.127598693430695	0.4105355398178062	0
1.5872455401448706	-0.28469690866071673	1
-0.7605014400146487	0.48651638533937974	0
1.0772651864340457	0.1156819810789382	0
1.8592945717822467	-0.4510542267538379	1
-0.2959851831023099	0.8987594782170765	0
0.9703090014992655	-0.48294700514012223	1
0.6608864491375186	-0.3543964103035648	1
0.3022161252132011	-0.15348231032461856	1
0.18996472854917673	0.9306083334877592	0
-0.8395005227068272	0.48112322284698994	0
-0.5139844644679669	0.8827651959057119	0
1.40135636698676	-0.3204091212900557	1
1.0883289452296276	-0.6605767620281325	1
-0.7858359322322518	0.6474301646192289	0
-0.07136946124472762	0.9554870870691375	0
0.10026904749503275	-0.10931711512773644	1
0.5071013406882239	0.8698487959210476	0
0.8707530382403484	-0.4071235170000073	1
0.6007896480739829	-0.6652053326524652	1
0.4281540272390748	-0.21010883544196407	1
-0.42472131420843856	0.8921657674714514	0
0.042046223507505365	0.4752437942259391	1
0.37432926375920694	-0.015932224822587937	1
0.8120543740536103	0.5685964010894952	0
0.126969764108042	0.9058030236713254	0
-0.45162875199004965	1.0291603840243095	0
0.4073277652115579	-0.4303170135956052	1
2.0775370224411502	0.6781721362240497	1
-0.8904475288434951	0.6060182229308033	0
-0.8470301554007745	0.5150620983369422	0
-1.0088712416315133	0.2018334086202531	0
0.08578842196055533	0.2320545467110019	1
-0.040874138296685986	1.1950224060475865	0
1.0805812659190601	0.12458606187058802	0
0.7691467820972245	0.6780198724766989	0
0.5064293845624581	0.8086600322165237	0
1.8841432449503208	0.44697329814359416	1
0.7241385542374182	0.6275161565977275	0
0.8141990882963397	0.5980108901795937	0
0.3053272226254681	0.8868376386801644	0
1.7064306987345546	0.06350231474952625	1
0.5045217670660822	-0.27940038365685443	1
1.8638386479486424	-0.09616738481761397	1
1.4317217317548319	-0.16953337263024088	1
-1.007836202911802	0.23314581606311285	0
-0.9682426878083559	0.5391099717089806	0
0.5659788006092952	0.6896361817671245	0
1.8422974369313079	-0.04645393081266912	1
1.0612236896165346	-0.4200423827868529	1
1.8813291043152405	0.11791624270092141	1
-0.9696985877463681	0.4641603543186808	0
1.8253849663382449	0.057499581209186856	1
1.959049746961083	0.12229491732710208	1
0.08266706537342383	0.14309309981647783	1
0.2965636971271307	-0.46133755236883145	1
2.042497612327619	0.5738264681649952	1
1.9147110273983747	0.4092529994158344	1
-0.6615358388005675	0.7609963710303372	0
1.4828072762220121	-0.40537922366970525	1
0.7963798194610827	0.5407419622758687	0
0.460148744323467	0.8810045660983113	0
0.25491058766529595	-0.03447620285845549	1
-0.7496860567253054	0.7365578218683494	0
0.29464817572282676	-0.20741641656771903	1
0.6252882464138411	-0.18621547011796272	1
1.0957478337788733	0.4697958398063128	0
0.6401347568274715	-0.22651187168115233	1
0.17598554877415526	1.0098270675200727	0
-0.9013245061828893	0.4645003134664691	0
-0.6028942525172392	0.925335244960459	0
-0.0961001724061167	0.9995793525725373	0
0.4577888817047673	-0.30292315722917507	1
1.6494793596326804	-0.19423388437715888	1
0.20294989847503644	0.08608593630914588	1
0.25407107264352036	0.8837069372401329	0
0.5908326546154177	0.8751184101373991	0
-0.8431207417402039	0.497949203208498	0
-0.2487471109803574	0.8456947366294336	0
0.48495590844514475	0.7696440228801998	0
1.7948837456715778	-0.15956258557695832	1
0.885952244654556	0.13129823158819423	0
-0.8687887570991826	0.6047777167230732	0
-0.4048653492645726	0.7875392597142226	0
1.3033923452067908	-0.3300088149280355	1
-0.7811586224265807	0.36692269050543297	0
-0.3848017725378063	0.9512949154319116	0
0.7877460850403748	0.15853172087740355	0
0.9660690196922074	0.6063785626741265	0
0.0668910538500783	0.3680144100947094	1
1.067491948536086	-0.4733899009950949	1
0.40671197225456235	0.967773693800321	0
1.0712453850102508	-0.5853695780151107	1
1.8681393640067614	0.270276379098665	1
0.3099841571399392	-0.34010974444736897	1
0.9871997878662765	-0.5928827935947475	1
0.09276769216936177	0.2829688191396763	1
-0.9258342791225158	0.2740219096000014	0
0.9481991533785243	-0.700132508148699	1
0.736221874229984	-0.5235623165921691	1
1.8833205108000852	0.725193563111489	1
1.0412970799653256	-0.2999676018505413	1
1.9964317008084658	0.4459654534876204	1
1.9124821494976023	-0.07543525385541694	1
-1.0630105799735434	0.18027185237934562	0
2.0822221711696685	0.0930983174829984	1
1.1100224389753732	0.31796534758455863	0
1.8208216667954045	-0.03130081260109291	1
0.44816063276376195	0.8970519039083161	0
2.1549886915694527	0.32023698392183403	1
1.382454743427856	-0.5200731398209023	1
1.0895389091633878	0.31419286121949364	0
0.32083834188244403	-0.17092158571557542	1
1.079591871246821	-0.49803547175306995	1
0.8444581121028989	-0.6505514969444333	1
0.39848831937204315	-0.532723873108623	1
1.3425912848550525	-0.39042404002562825	1
0.8271510555599378	0.6940994587206246	0
0.10304116961478252	-0.2040081005709235	1
0.3088946063869412	-0.2246790170186818	1
0.5731247417700216	0.4683079656785042	0
0.10790595386222841	0.3718893741732007	1
-0.810463359473798	0.7369450921201953	0
1.9611999187152256	0.17837422271205572	1
-0.005384053547674239	0.19177217737613403	1
-0.771166521341479	0.4084140979291001	0
1.680046382545225	-0.17318282566587423	1
0.2296651210675721	-0.13027599451312616	1
-0.023101360540295476	0.16460324598189868	1
0.34520823596050065	-0.195557089302505	1
0.5400864960593611	-0.6691231005128832	1
0.8113746257157233	-0.39083791623808334	1
-0.36567846356090894	0.9920355687209172	0
-0.8348248979846523	0.3455714476603864	0
0.07940789372250057	0.07150088032440872	1
0.24258847155708965	0.9245846232755701	0
-0.9583359929367019	0.16982301442182537	0
-0.3136288550564739	0.8623994777234323	0
0.17101647470316886	0.9243500627656429	0
0.5018224915745811	0.6741991398180048	0
0.7941637997111578	-0.6520228009171425	1
0.7716654324822313	0.5394586499250851	0
0.4574717394420693	0.9577781368335292	0
-0.6608742992132636	0.8483605269291427	0
-0.6913106362305842	0.8056842968385411	0
1.1009457176512996	-0.49163907494771614	1
0.03275916477875405	0.5103010787040322	1
-0.5544399860857779	0.9538055578172618	0
-0.006092402273378539	0.8372503375627174	0
-0.6651973167590378	0.7555194838133601	0
1.3977348907094302	-0.5380899375325212	1
0.6429545147531276	0.7986156918290949	0
0.7863182741140127	0.2044443245468089	0
-1.0197976555776076	0.08703606437870712	0
0.8949975227286502	-0.428940255105588	1
-0.49940524860035196	0.8524682816498386	0
-1.0715760618602719	0.3772736362268186	0
1.1316494221364117	-0.7266221207295869	1
-0.45445950233642296	0.9501628772561866	0
-0.6057625308318186	0.8292255855390088	0
0.09584920222915111	0.28440116357895534	1
0.22741134333490354	-0.09570558390853826	1
1.5812675601071575	-0.2730884599670372	1
0.775476200235756	0.701392833605784	0
-0.06265298366996429	0.3071422255680948	1
1.580689775738431	-0.48130301612397197	1
-0.7770340823799478	0.1578796433887232	0
0.4729999084645279	0.7186598866385084	0
1.944974326824341	0.02070349946032031	1
0.4289373407147902	-0.21966647200120523	1
-0.9730929366737155	0.3545398564299374	0
0.24001279960850583	0.8767257787896273	0
1.5131637057245446	-0.35533106961077465	1
1.8822007441322544	-0.09678078304727666	1
0.3736360129057391	0.7923696014078839	0
1.0373940914348432	-0.07734660660510138	0
0.16555004724994773	-0.05044440570192436	1
0.4059112839790493	0.8498311057546798	0
0.035894413418072056	0.15564281940249652	1
-0.062437631848142355	1.1334889774955232	0
-0.3763642460299973	0.9372183526079938	0
-0.9866606894484834	0.44405580339483497	0
-1.0274506955968243	0.12127493463916193	0
0.6698146480905689	0.6469789115225089	0
1.0603226457638821	0.6716640230072065	0
0.19751600936794483	1.0323639833399367	0
-0.817381104532506	0.779323636605812	0
0.04532866631715214	0.03967493228114806	1
-0.918299031540349	0.6955437215164034	0
0.7972179800607891	-0.4985879077833938	1
-0.8787313142965929	0.5930853364235922	0
0.03188860622095274	0.9203881683884974	0
1.6902781826166386	-0.10107202282765626	1
0.8825444400732877	-0.3519269792857389	1
-0.5272172342348146	0.9278375433960702	0
0.2251715567063385	0.950580875889731	0
-1.112511199017602	0.21278841986011615	0
1.9989236098918248	0.2112627609581696	1
1.7866684342539527	-0.20785201633609757	1
0.9502995470132666	-0.43279821769272026	1
0.6465172777939371	-0.3725216840611139	1
-0.0450234296479632	0.2070650238308168	1
-0.8478542502249019	0.34439846252039075	0
0.0825801347054155	0.28045580095951705	1
-0.11570328720793878	0.8321340472943887	0
1.733162520128745	0.15327964665626725	1
-0.12272429061279534	0.9692241881961499	0
1.1325496637646144	0.18476528802866504	0
0.010743670110905906	0.2258658666292062	1
0.06743590017561835	0.2064560626281315	1
-0.5165432754532071	0.8894360708887329	0
-0.1617925873001283	1.0480599422944923	0
1.618731015691826	-0.6608417813273875	1
1.4924960936907736	-0.5004620878931884	1
2.1469531749203976	0.34626113698815586	1
0.2539628743682381	0.0649842220346385	1
-0.21482013842245673	0.9327448755827931	0
0.8011838480130807	0.5890674058900476	0
0.5682183147818917	0.8777294532238575	0
-0.9151630857610891	0.46867692754025314	0
0.04460776146699887	0.3939705704170523	1
0.017326462731871675	0.9313981150502236	0
-0.8263310235105804	0.4801303324279226	0
0.012643297583092959	0.3048876286876168	1
0.3474623041522524	-0.37345672650783707	1
1.2828819672143927	-0.4040062903500954	1
0.4732079247816772	0.6162725041100474	0
-0.1894722464574082	1.1138231408961918	0
1.7167756218502852	-0.04974104900039632	1
0.3651097302528192	0.76076267278742	0
-0.0603083005834171	0.12290859413911567	1
0.16790532572763403	-0.07605665063827269	1
0.5497643912651635	1.082777839540412	0
-1.090384760063832	-0.0067615289998392905	0
0.94127465395821	0.3151814759480288	0
1.3343213854373461	-0.4672221135962205	1
1.0456476865006097	-0.04599844799541053	0
0.18249504836840577	0.1910705649356507	1
-0.24033464377584574	0.9343163343478909	0
-1.0345725218121413	0.199777079643305	0
0.6165334472695356	-0.3254989326799074	1
1.009740128131709	0.25296216317351466	0
0.8573192048342848	0.44408329391363777	0
0.22131464148623295	0.9277469142044289	0
0.05798487346292501	0.8294108465513196	0
-0.7677346367015346	0.7521030393152407	0
1.4941006374737593	-0.4471234524744236	1
-1.0568331397601367	0.13490616215202308	0
1.8723534765916432	0.12675662176384014	1
1.9836928722908254	0.304870515372772	1
1.0945286125277989	-0.6275409537638905	1
1.713117053292756	-0.07534451756043883	1
2.093674804617033	0.2637524508214382	1
1.6795031444805049	-0.44949306823257146	1
1.3228450152591194	-0.29169249800854946	1
0.20762662856115965	0.9667202546535167	0
-0.07797406567627983	0.12533400245805687	1
-1.140612034654989	0.29722078327366674	0
0.3237712081579102	1.0298695729446998	0
-0.5203267608814657	0.7681092847858724	0
0.17184780650708825	1.0917356496813944	0
0.12866583568125983	0.9804175086317183	0
-0.0893360592484777	0.9426093409901659	0
0.03780400897046576	-0.3600743784011078	1
0.13981051889468155	0.9810149703589329	0
2.112822987447246	0.0949716214828087	1
-0.4972474062467419	0.8322033072388237	0
0.9962686657186353	0.13923529473636692	0
0.9666562628288646	0.3809667179263362	0
0.5398270438718888	-0.25477735970529264	1
0.2846860027845517	0.8924857820102846	0
-0.670107988247298	0.7383103995613072	0
0.4492504370559795	-0.2877398176474658	1
-0.002392333433134969	0.20530391163283518	1
-0.560584029811914	0.7587526312060575	0
1.9971564455139874	0.21512599210049216	1
0.20009278558182117	-0.07278441533180988	1
2.050127914086718	0.00801550098337684	1
0.5040908708356034	-0.34870799678311737	1
0.21891546578332682	0.008590451611730193	1
0.20370562418004937	1.0450452263431165	0
1.5453494062497242	-0.3983337640561496	1
0.7650710599680558	0.5947128622211578	0
1.967366105435081	-0.02343737112551387	1
0.5561534597230552	0.6871093220067145	0
0.27862302560508284	-0.28411897544185094	1
1.6679562943099038	-0.18435965869039728	1
0.0635830730418349	0.2531542450153035	1
0.14347370014038743	0.31926210188517745	1
-0.5778017295386174	0.8764851147619389	0
0.7314177353325175	0.9832469010620668	0
-0.6620717439515031	0.8665949399282223	0
0.9927781936587678	-0.5827598750040417	1
-0.3178199793094953	0.8908814176443834	0
-0.8778205952148307	0.31948926394392596	0
0.29776776419243267	-0.19375968371173263	1
0.19794191003205253	0.10611486825374539	1
0.0697944603709943	0.13155086658207005	1
0.8239259163723626	0.5199157625820883	0
2.041648179286136	0.22489617948779364	1
-1.1147090978554304	0.5164394100137176	0
-1.0600964871173915	0.4451333741239888	0
1.8002122537620648	0.07129255279980712	1
1.2523466505413143	-0.36219226112880415	1
0.13081758430350013	0.3843281759279742	1
-1.0150905817993536	0.505459436888201	0
0.21001519550445585	-0.12040923533990491	1
-0.0795838909643217	0.987456341622931	0
-0.9715299325152952	0.4573656715596571	0
1.7311032323668554	-0.18183354976830687	1
1.6847605047664016	0.015847996404859538	1
-0.8815896559279985	0.1059329229560071	0
2.0421362196983166	0.23155382959637033	1
0.08151610446127015	0.293238410331222	1
-0.08318961272237824	0.11213358238950108	1
-0.5256319278974398	0.7780012328264899	0
0.91624562617493	0.29592258404315824	0
1.716489796493995	-0.476808076685431	1
1.0436249177841237	-0.4159971321972205	1
-0.7897780302235675	0.2407893892209676	0
0.953025535620581	0.3180374240244069	0
-0.6221949501397419	0.823221569057894	0
1.864729302961565	0.18162840485374343	1
2.0571958915468835	0.29110542089296926	1
2.10701417827489	0.36055249642553977	1
-0.1436904333502693	0.8423463651846275	0
0.683253770804481	0.8581120517945338	0
-0.19391179538508502	1.0308281146978098	0
-1.158562669484883	0.16600457178547573	0
0.5646398852939352	-0.15487529569175673	1
0.9389243509110204	0.524329835195332	0
1.5466833194473153	-0.1970206858243762	1
1.5847146174891318	-0.13310672861529255	1
1.3115410207231433	-0.5219155957054873	1
2.0211245930200943	0.3780434216667196	1
-0.8805194492204617	0.6625172820656114	0
1.3684750737530043	-0.23553972171860246	1
0.6586301000268419	-0.5746640209382317	1
0.7722333475161742	0.5754786699201936	0
0.5395831966505921	0.6446984842775234	0
-0.07111990201769433	1.042723847203513	0
0.9171532346409339	0.7743355400206112	0
-0.9745840101386203	0.17820397962849388	0
-0.6654061726408816	0.6954519942759567	0
-0.42340842431287207	0.7393434169021489	0
-0.6409988886644002	0.6552981422593691	0
0.8511660412709128	0.44833491287998584	0
-0.7374537301216106	0.8375693145128001	0
-0.6336350729086035	0.8163778367622039	0
1.9258726505158401	0.5550028977129092	1
-0.10219136954086064	1.0208307698152908	0
-0.9222109389964068	0.16001513921393945	0
0.237760832043313	-0.1354345609992429	1
-0.6627090336489958	0.9468703545700072	0
-1.0409572339216315	0.11591637615688039	0
2.0761490005221312	0.08054244160097127	1
1.8895666744922748	-0.034763444684441897	1
1.4906910531136304	-0.21171851333032016	1
-0.980333650993863	0.1263049774808761	0
1.8255128247914365	-0.23504543415418955	1
1.176088207270465	-0.39600564273154	1
1.7967037141870803	-0.08331710015140685	1
0.2600386593276476	-0.1838498861023197	1
-0.3431657042069269	1.0723407662440971	0
1.679311758811348	-0.24302077864821164	1
1.0709794427203967	0.5818431382283331	0
0.0533686173717244	0.21639210732785705	1
0.8996442169908565	-0.49899142093980176	1
-0.87546869518758	0.4073420852816107	0
0.12867587080773374	0.27437949378975324	1
1.0046299340850413	0.38612812016008236	0
1.4416430218840415	-0.545984220255913	1
0.06784841721821	1.1005528330853318	0
0.991706811201718	0.08842968246412852	0
0.7247070534574312	0.6373959214920684	0
-0.03707295960761042	-0.07637764326227015	1
-0.2996311699063389	0.8953048410667539	0
0.9579193463699318	0.1422384716091991	0
1.1704088118685696	-0.3644107951062676	1
0.9267414199742374	0.2774881881375637	0
-0.6861562585340761	0.9298292284786689	0
1.9683015301091	0.40161720216843844	1
0.5925183015303384	0.7611629831625539	0
0.20552562304766261	1.0770824450564784	0
0.966397536887533	-0.44270043266227876	1
0.28871917542238446	0.9709381795455343	0
0.05521022681636768	0.07468118106839564	1
-0.31147207298199125	0.9268081321618998	0
0.9057678718552576	0.009627370473718394	0
1.628317538150406	-0.3678165794800448	1
-0.8317852149361579	0.21751332943122492	0
-0.8967789068585819	0.2118302170154404	0
0.16607814972253376	1.010159582006297	0
-0.8828023922438863	0.6072223850268703	0
1.4568707514265054	-0.19040537959285705	1
0.7586818244773001	0.801469221724947	0
1.4685626230637683	-0.40927285617139825	1
0.5115668993732729	0.8388688207612155	0
0.41295669031779303	0.8662329514319618	0
1.140387947639477	0.18789611082689603	0
0.9877590056322709	0.5875023316871475	0
1.910307775264691	0.4851669524693251	1
-0.44868922078338835	1.0122401183631944	0
1.686140132776974	-0.2244312840760521	1
0.7780722973863874	0.5143612029732215	0
1.0082119351218228	0.47395093226584195	0
-0.9388068229465987	0.5463234005499127	0
1.8596267482314865	-0.002924137900090336	1
-0.1260287405863306	0.43431877169909955	1
0.2539838467616793	-0.14347581716667135	1
0.27318264273072723	0.17484989737711487	1
0.9606057051723776	0.2937547374050143	0
-0.7433359819838199	0.08549323017975505	0
1.34234921459421	-0.3577237026122051	1
1.1585090520471162	-0.5475732686424826	1
-0.6683059049437197	0.7001968507863806	0
0.01224653330601405	0.9846506690800342	0
0.18685247160530055	0.9206474293344064	0
1.8561678644796475	0.24087282627608614	1
0.49792215163527764	-0.19236674595864942	1
1.9353447133230102	-0.276558075214575	1
0.524610253425309	0.9370310514484391	0
-0.828091048831854	0.23375183930856533	0
-1.0590990040138102	-0.0549295246135684	0
-0.9150520025437474	0.3808537791845376	0
-0.06142711209140776	0.2685894206543159	1
0.37281006613915085	-0.09446647660914378	1
-0.44309916937137617	0.7543446063024725	0
0.5186215455998524	-0.21001136140436827	1
-0.6879867766392823	0.8240955755884064	0
-0.1530633089784934	0.7990857338431463	0
0.293680868641115	0.9538117633180955	0
-0.35734278437003053	1.0009122477816137	0
0.8517465028800751	-0.5499835089227614	1
1.2893760702134824	0.09693352570532784	0
0.013484876523359834	0.40923024896917437	1
0.1533360447069829	0.48018123940707125	1
-0.7075128775279363	0.705686781590995	0
0.9588296223743611	0.48260200118741076	0
0.9994184913846439	0.3234395297032182	0
0.054776112596922714	0.1714145522645738	1
0.9827160054101601	-0.3586033746099198	1
-0.5240286048676753	0.8907132199410223	0
1.9944977422260277	0.4020149489828767	1
1.8899859312402865	0.08699476222992686	1
2.0101577704372606	0.1050604235396633	1
0.7766757636725667	-0.7241923890010641	1
-0.3982372284115136	0.8770006570792954	0
1.861755506229588	0.2934297158581539	1
1.9202389159158886	0.060937093332178005	1
0.9576993093171358	-0.44164925754542317	1
-0.9479075381605544	0.7898521685775308	0
-0.6517699434699693	0.8455850751228469	0
0.08025905305213021	0.3144286153820067	1
0.13821773352471492	0.11076344410606787	1
1.5943397467662894	-0.4517064476174517	1
0.5881467563776681	-0.5099210667622318	1
-0.17306913106116284	0.9844575938015837	0
1.0504258193287839	0.2339788621123678	0
1.0221337413115703	0.2842972473993085	0
1.5052262183555758	-0.31379181203596246	1
2.271549515801527	0.25401264450012123	1
1.913786083416507	0.19299785018266033	1
-0.9644218168148551	0.24879539994551145	0
1.0122665177426666	-0.5906729064800794	1
0.7367253555890212	0.6941383487988929	0
0.49944058450990947	0.7837029935710945	0
0.3811891299111841	-0.2288462575525893	1
-0.9116771955530605	0.011324689273837535	0
0.6600472065599635	-0.4354383664982985	1
1.100509439793957	0.10720424914841646	0
-0.2081318690956363	1.024299807750531	0
1.971598999115324	0.1091281929428588	1
0.13546586464547433	-0.07420110749169702	1
0.8700043235642537	0.4961832483864852	0
0.3685243111631684	-0.12294247564212671	1
1.8598883439933969	0.057189597277675586	1
0.33106045687786634	-0.2592581280555701	1
0.8805188029771394	0.6961413933846569	0
-0.4763741963077389	0.8214993938073676	0
1.1850584537675874	-0.3921737950881718	1
2.0088387791620117	0.3628095102644949	1
0.49834563248552316	-0.2791251914494877	1
-1.0710732098207478	0.31680984980677673	0
1.85523944337083	0.22572670924218335	1
0.27691682072429114	0.8098749643178681	0
1.1286015012556354	-0.5849548717643402	1
-0.5896915144412708	0.7781064405971515	0
-0.03249953847620732	0.1758553592046574	1
0.9649151939969027	0.0445599565849425	0
0.03090066345596358	0.023613091433988653	1
0.4912273415889858	0.007878863487398524	1
0.052963722159948545	0.36131631623694954	1
0.54284548333369	-0.5377797496154724	1
-0.3945543953680367	0.9581383476910215	0
0.7458836800047138	0.24103323790042658	0
-0.7926172731000495	0.7777632742079699	0
-0.46104782975393444	0.7216375629252519	0
0.5028660143161627	0.8022241964370893	0
2.038477673974801	0.3739299613349259	1
0.6732823209297198	0.7308958985478234	0
0.8831939765362657	0.42415027523450455	0
0.19873215045508485	1.0958033707976051	0
-0.5280858995018081	0.8011973646712185	0
0.370045564533977	0.7705793902945507	0
1.8939360695449374	-0.02371411891707998	1
1.7294578202852484	-0.044619352776138765	1
1.1184405744408727	-0.511699106334081	1
1.0121172755011834	-0.03571163589146676	0
-0.9274522249834151	0.48544768358869644	0
0.07112068769483722	0.398502838099869	1
1.1087540975853194	0.1689608368133007	0
