0.4943787345692386	-0.32777623399064815	1
1.231448771827458	-0.3257112595402499	1
0.006177358074681227	0.1553543004564647	1
-0.8665480118287465	0.6983041569911089	0
1.2382712942630723	-0.3667295690537072	1
1.0369791391652148	0.7147649488258597	0
-1.0444010570673479	0.1678534492933752	0
0.1806997261634474	0.08240653472157207	1
2.1210090835611335	0.2617651109651038	1
-0.00024764501856393284	0.19153244274522044	1
0.7936147700402075	-0.45745171158143316	1
0.5426443147401458	-0.3496238182974314	1
-1.0234394093573846	0.38814349435177076	0
2.0287790139364557	0.25220866545343246	1
-0.6142758057052949	0.8449213041669509	0
-0.9516318502954146	0.23482034527811185	0
1.9534328291927385	0.12475047280766954	1
-0.2795959919342986	0.9673320118468784	0
-0.7307267273862774	0.6366961309427444	0
0.8013546846823207	0.17345835998392983	0
0.9336667444943296	-0.6174263419921668	1
-0.7517872999280032	0.523648497291655	0
0.14241594367595306	0.4279635941866815	1
0.7232628402438188	0.7773187117344296	0
-0.18517723880403814	0.9697410262337572	0
0.433373620852442	0.7123067960007429	0
0.8362457982225384	-0.5520414556388351	1
-0.13917366508606102	0.948236522228427	0
0.7769179454350107	0.5496351823526118	0
-0.26523326932189534	0.7697439566437488	0
0.5159208366612902	0.8854492508373537	0
0.8312130151448246	0.6551149727048795	0
-0.9246381135962216	0.15592317403546618	0
0.6325549148687385	0.7149719408958393	0
-0.3120980020921053	1.0284880982224804	0
0.4892353270104448	-0.4556459939880292	1
0.3971074100212275	-0.2082442717066207	1
0.9479241719233915	-0.4417751830096997	1
2.027960752016086	0.10481644505995974	1
0.7862892108450824	-0.5438602103831175	1
1.4366193491211667	-0.44200518038833214	1
-0.7117366132907581	0.6529126697077078	0
-0.7264220438402585	0.6887975494886515	0
0.3583671331643617	0.868735347728866	0
1.772016376963942	0.37394537880322365	1
0.7256496061005248	0.780992173818084	0
1.0105756778494164	0.31656834923059174	0
1.9685815207514754	0.6449708271964176	1
-0.5364188814123543	0.8657872476727096	0
0.7161205889344807	-0.4312696665291541	1
1.905298555850812	0.14103272721855006	1
-0.03139533985152848	0.40689952357800796	1
0.6515415974475294	-0.42767225391704966	1
-0.47292597533839653	1.065099895520691	0
0.09927501933937982	1.0070625123924453	0
2.0444794442889465	0.17657254327437927	1
1.7869706974289539	-0.2457161825846375	1
-0.14593449007995027	0.3030028752955216	1
-1.0030640849565287	0.5636821498226048	0
-0.38456031349449715	0.8606044318688998	0
0.7628125814050682	-0.44123261411781606	1
-0.6559058041620613	0.9792496652190583	0
-0.22895115688225526	0.9839114995898551	0
0.29675696757868736	-0.297663964645138	1
1.681077596692126	-0.07888280192733832	1
0.6766685775844673	-0.4587731433091565	1
-0.9600650515914766	0.4136536399697861	0
1.9407074222129155	0.13310819274411156	1
0.3385228654807486	0.8764904798443773	0
0.9250274334399058	0.7562533703251254	0
1.0573070748215394	-0.4219090247997073	1
0.3555543432319297	0.867979025800456	0
1.7440999254397909	-0.22984752559023047	1
-0.8785301933389567	0.338966462702044	0
0.9824881038779152	0.2248978438558113	0
1.6659812985952072	-0.25509671835789405	1
-0.6844368778390045	0.768668829134019	0
-0.45051373094704916	0.7938023695344463	0
0.3171276374212933	0.9623979070436669	0
0.8918626203397167	0.46561252662318187	0
-0.3971771435778584	1.0356145436044242	0
0.024404471801781402	-0.14171077772519172	1
-0.48094432412634874	0.9496347822017894	0
-0.1362669447733481	0.7840470550455396	0
1.8258021032331975	-0.11781058038526611	1
0.3360707536004295	0.19498693244003276	1
-0.7878801675819918	0.7716350296497668	0
-0.7031871427948917	0.8355593359724813	0
0.08139168547189221	0.9387891384062842	0
-0.5321296585614346	1.047316463559063	0
0.8280295373606241	-0.30265801226737676	1
0.7705850396001279	-0.48707814544802674	1
-0.8035861006538852	0.4656957942106646	0
-0.4745819868058558	0.7354223416242999	0
-0.9890919693121084	0.6528867380050443	0
-0.6137417868786575	0.7926181616272676	0
-0.05578092490790312	0.05646183392814079	1
0.24429339514014253	0.2735365691971291	1
-0.9183062106573786	0.3395615756739344	0
1.0682156449356024	-0.4404691583226331	1
-0.8750270937407131	0.3888610595995423	0
-0.13388321073421525	0.9261374210693	0
0.8774145287489133	0.48246184433243416	0
-0.9711297558129363	0.2908294901341887	0
-1.0197930206368355	0.316380185647584	0
0.650540467517582	-0.49521498328237246	1
-0.9463663192040199	0.2997160985990691	0
-0.8542703270245812	0.14964017657961598	0
0.8344032370672436	0.20545500923047083	0
-0.6057601363334801	0.8383704739297086	0
0.9869937544546544	-0.6481936302351894	1
0.7552266596749929	0.774060459043427	0
1.8139077685930514	-0.15328826872854515	1
0.8798386304329835	-0.43111508264565557	1
1.9486475080841574	0.21474115425593854	1
1.6577169048703937	-0.42416552567467836	1
-0.7897537210495127	0.6985998263851516	0
-0.02239498086657192	-0.019478700839532043	1
2.0953296641521435	0.09654484453145028	1
-0.8550660232267668	0.5286168262582112	0
0.1288234538749421	0.9923133438434841	0
0.5174518208307606	0.9444616306600244	0
-0.5320455096530975	0.8040597319865639	0
-0.8488695265493125	0.3192443828438922	0
0.003448535146134607	0.9639157398659008	0
1.0035380424316778	-0.505719281801899	1
-0.37169686333400154	0.7260757940446264	0
-0.13547835512807183	0.9971896306101756	0
1.561084791976529	-0.3587983311113531	1
2.016712190637662	0.34786449305426315	1
1.1137983862186949	-0.43072425523928287	1
0.18295321652379654	0.10524740019462869	1
0.100862833865925	0.948920562093297	0
0.17001426608706438	-0.0077727387073444065	1
-0.9472231669286982	0.3284582363873688	0
0.3232689447646412	0.9861276496294629	0
0.04549142959320496	0.08487966146985675	1
1.4729330841888182	-0.22033773824542802	1
0.5583599799260558	0.8759010074128857	0
1.6557065644844273	0.031368063759160805	1
1.895069010810967	-0.09354580846658943	1
0.4409991012958323	0.9443220414696838	0
0.04724540677322227	0.31926196005833146	1
0.9607964606273215	-0.5807474096614891	1
0.8059481573685552	-0.5069942513540144	1
0.040180969384289826	0.15962884014409165	1
-1.0170001680311753	0.19798097877601367	0
-0.5704604051129316	0.7364606264669731	0
1.7362437945047027	-0.01719111022705129	1
1.3351945398927059	-0.3039837698684053	1
-0.31608133030788543	0.9492913502868753	0
-0.8598683133466021	0.29884300738354674	0
0.8393851364598984	-0.6220117674107457	1
0.3175752724621322	-0.2920311144911813	1
0.4317288817039777	-0.19442238597214398	1
-1.058319524407573	0.40379114779177494	0
0.4334447941309356	-0.31340720868224675	1
2.0200789456795882	0.47935417625872145	1
-0.5572258680631121	0.6941564855304206	0
1.935608991729109	-0.20432144693030885	1
0.3671043332198172	0.9400726404865868	0
-0.3962853591810862	1.0265150419728846	0
1.1175102956696479	-0.572422618586587	1
-0.7830877196825097	0.5761363458731665	0
1.8949484216902985	0.23244179669564535	1
0.19793282555269726	1.04419900205251	0
-0.33532606834484835	0.8337373117254712	0
0.6417634745667741	0.3838814642824211	0
1.7476277255355006	-0.11554853013058795	1
0.2784783443503491	0.04389130539486004	1
0.4191303589731833	-0.2999400566625454	1
-0.0393898982933562	0.7308183544043259	0
0.27318822581420893	0.8679182507855209	0
-0.5486642722387107	0.881942345313648	0
-0.5057821878045745	0.8652765949235323	0
0.226133808733274	-0.009670470321518354	1
0.2239752094410776	1.1254220386466423	0
-0.9288082059292637	-0.09904608333708172	0
-0.8281091871001065	0.5774846160306383	0
-0.19868480500568975	1.1616753762042882	0
-0.1379015910099417	1.128881139946921	0
1.8424241142788493	-0.20460560587418367	1
1.862043781150238	0.1472599086116547	1
-0.596091126068441	0.8083329380338009	0
0.9845932882905327	0.23225485455676914	0
0.7741509500246341	0.6812193534641746	0
-0.9672176245555755	0.6412643149551305	0
1.1094282622371663	-0.49122532194958374	1
1.4885073953931902	-0.2062990655083645	1
1.89738607017914	-0.027173574994478034	1
0.018519985995218112	0.19690102940512916	1
-0.9132986030508065	0.3407357046496841	0
0.6816392052766734	-0.3602891200506543	1
0.6514927641327173	0.6254001805584751	0
0.38866713321023594	1.0240425447228905	0
-0.8942055011810547	0.11612484326841893	0
1.6026036459213864	-0.270093711983003	1
0.7440743972672207	0.5202204387233031	0
0.30922898615217814	-0.13072480554603405	1
-0.17269259102625395	1.1098255252863904	0
1.861155594175779	-0.05026896798422781	1
1.9417699839079836	0.0025749471416674063	1
0.8559177256543018	0.5876256624830491	0
0.6428208577028419	-0.34218010567132734	1
0.9771455497174137	-0.625497271444218	1
0.06749298800155429	0.1297022937627218	1
-0.8488860349471222	0.6168657123253676	0
1.4761509346858235	-0.45904730916616876	1
0.33049192836167385	-0.5833446253296568	1
0.1690955087894536	0.23539579185463153	1
0.03979330318838989	0.9673232802579859	0
1.293444048081527	-0.583138879058759	1
0.054268219176828586	0.642564589173877	1
0.15637601416404728	-0.0026908599092673735	1
-0.5192109736104851	0.8081395535513612	0
1.6260638099725637	-0.13724703987418657	1
1.9907352511859866	0.04370538053208343	1
-1.0400068945188228	0.06514095323395916	0
0.44994378172746935	0.9135888694900662	0
-0.7814865501612186	0.6082474223130235	0
0.6649080928707625	-0.4379914298166036	1
1.4758726400841369	-0.5478873560357619	1
0.04736643273992438	-0.09023252314510632	1
-0.3572847811711812	0.7741759768955556	0
0.12564980930427705	-0.07363757492875495	1
0.15379496116754202	1.0358645667050406	0
0.0343355699665615	0.8950038963828748	0
1.0675251504767092	-0.4345167293401712	1
-1.058988348965227	0.24981650773888028	0
-0.9648366523122283	0.6892210817838169	0
0.5760008935484031	-0.2583094019539831	1
-0.5294997939691745	0.9400812375876233	0
0.7876847082569548	-0.4714624071002608	1
-0.8832220093134393	0.09803354853654858	0
1.9396035769211968	-0.030451575171909266	1
-0.6217259277094109	0.794249754401881	0
1.8966065948804722	-0.0754934877205059	1
1.2362256198643862	-0.34701652976062874	1
1.5778735471236416	-0.27465227738203857	1
0.5625718924879319	-0.39568648279516455	1
0.3936255107832504	-0.3112926945344205	1
1.5846773339537776	-0.19560994119634414	1
0.3080742834371374	1.216073036853694	0
0.9348553814037185	-0.36367981715054265	1
0.17012033641457808	0.046446079145309585	1
0.04806857282269132	1.068604172675983	0
-0.798754767912529	0.5154885846903124	0
0.6707668098170705	0.42141029632402843	0
0.11668204084097827	0.07127688840788449	1
1.4627229531600163	-0.4293528621925126	1
0.9856443999744606	0.1312018261981146	0
0.3687835453257252	1.0578450638942556	0
1.9394629537446524	-0.042585545076880504	1
1.4169146929184744	-0.35731464304986876	1
0.2916750435263328	-0.10994454560382086	1
1.4551326887521192	-0.5504103402902234	1
2.0386379785519484	0.13187396702001034	1
-0.6062969373164903	0.7518394041832617	0
0.1410250910459852	0.976329024195986	0
1.3655977623582003	-0.5237167393306764	1
0.7089928753381567	-0.280475204867706	1
1.1468456632417152	0.28232590368876664	0
-0.7402864180203761	0.483064911803029	0
2.0124631349233817	0.3244695697083439	1
1.2136267386484008	-0.36889149060706616	1
0.8308016528722847	-0.6199695796861829	1
0.44146626745889433	-0.40593282887164234	1
0.7230016799984118	0.729655792803671	0
0.1019933585746394	1.0802818018394265	0
0.30942601882479703	-0.21796097609457224	1
-0.3214591930164354	0.9149025053217128	0
2.0851455366018157	0.4156566238043821	1
1.0439879760091695	0.051058549991010255	0
0.2275563740416917	-0.2499185406031429	1
0.7897832536194112	0.7716016841607567	0
0.10110797248748933	0.30051157493977904	1
0.3241563824686182	1.0499975165417845	0
0.4289872644634393	0.9913149163045266	0
1.9462800019889672	0.044448441612714995	1
-0.8940318096579988	0.22899646844841381	0
0.1458740824159726	-0.0853194353605495	1
1.1521854836976253	-0.5179112468672573	1
0.9520293677885281	0.1727281819710436	0
0.9348895453289885	0.4160072844801573	0
1.4901590673951524	-0.44729449768825075	1
1.0633647618448057	-0.677816781874381	1
0.37040141762655154	-0.06033056543994458	1
-1.0423048229043164	0.29281977183392516	0
-0.8960472194359523	-0.03276717263358989	0
-0.5794730886493143	0.8706970089792694	0
1.9991590712810643	0.47711097273997705	1
0.150927673129706	-0.022242305413941926	1
-0.3699139293841168	0.7086911974334043	0
0.5281646387700752	0.982750884816255	0
1.4512262674185137	-0.2236677306224594	1
0.3540740188544194	-0.25478540491253693	1
-0.411881572889366	0.8460710164356264	0
0.25684997660907	-0.3222630301665197	1
1.7814831875240877	-0.20855007989713487	1
0.17973785232547138	1.0971180555568976	0
1.5478298466392977	-0.23146130573607718	1
1.7334297464457464	-0.20069219505179675	1
1.6255550417726814	-0.29151834610186267	1
0.5872161621284616	-0.6633174076646664	1
0.4066204732326627	-0.3908126215247321	1
1.951394317491276	0.614111720096845	1
1.9724732516914465	0.4395262282487925	1
2.039317987030629	0.16650763695141857	1
1.6871086355511824	-0.24807527044790384	1
1.1872849612941283	0.2726065014750936	0
0.052853576594428464	0.8683926461850572	0
0.678447439205796	0.8633988961564842	0
1.8228070348136551	0.02574193963503005	1
0.3739878270530315	-0.06509988997278421	1
-0.9602060067184359	0.11943979007635788	0
0.26395239552200933	0.13944988874164713	1
0.2652764197813058	-0.3227416709047758	1
1.6407016777818941	-0.28651583115027884	1
0.20395190415405406	-0.07284428791168218	1
0.8958552999172487	-0.4044706789596345	1
0.1949711798913168	0.020061733193762768	1
1.5944759314653634	-0.36949401307851076	1
0.5151039484177722	-0.4303657912118997	1
0.8085072518442649	0.7683941838313946	0
1.9357377897358552	0.3790613638269072	1
0.2838620911138029	-0.3050364985763746	1
1.1088678575548165	-0.0562657281566614	0
0.6915233406516236	0.7810658618224796	0
-0.9498138803723983	0.4325051483127569	0
0.9640449242057304	0.27440946006109324	0
-0.4517672071711977	0.6184953102062142	0
0.5229687993679668	-0.2960618004537994	1
1.263869470361955	-0.40286865587983123	1
-0.21659784554873096	0.9513672362782948	0
-0.5663618426512046	0.47934476363190925	0
-0.052254871226327965	0.1389541381319926	1
0.24310281342597062	0.4054089565893643	1
-1.0631369704249463	0.2783243352531163	0
1.6986719225571558	-0.11516800070511625	1
-0.8125695976216991	0.23099854373952103	0
0.49929887556470204	-0.28613127203145855	1
0.3859127298055131	-0.10942979398222119	1
0.8758738967484252	-0.25992856057216984	1
0.9556852941058761	0.3422422112572491	0
1.4458461802415565	-0.330160949936858	1
0.46220212035914704	-0.2970931532553043	1
0.9541337481999549	0.5635007491094083	0
-0.5454833490325611	0.9621863482939719	0
-0.9734135785090355	0.4534695657436286	0
1.3439193816006594	-0.39082216230190775	1
0.7283454977053327	0.5722382363853261	0
0.6078111001714699	1.0834910299288585	0
0.8352226530432569	0.8126449920475554	0
1.9992409791272283	0.18936786910770098	1
-0.4710227131035071	0.7648361942776843	0
0.8829995072154989	0.6915884567759023	0
0.2890064397669844	-0.29975371405601287	1
-0.8328988547856053	0.4259600719418532	0
0.3233728813422007	-0.21277933434555635	1
1.964160571720697	-0.004558399686515752	1
0.27708211320429477	-0.2994508041903659	1
-0.7006165290051499	0.8264425955245135	0
0.30568198088927795	1.04295739765248	0
1.9278305382694418	0.24305995430702132	1
-0.9773695319371551	-0.1455553807493851	0
1.8698225363694647	0.055458456384319246	1
-0.882260360990865	0.3473606181804077	0
0.8977642834463643	0.46759888332252086	0
0.7046459739953808	-0.5485384541183974	1
1.1318423173272874	-0.4669114329907458	1
0.15092908967906288	-0.0853532931872262	1
0.7324599681976363	0.8227101609940433	0
-0.9598241739184076	0.45990957351339024	0
0.12212403491642923	1.1165921464713477	0
-0.10227425268930655	0.27284583270959994	1
-0.9371594660567595	0.1575467292232861	0
0.11173967227137681	0.1076070995899135	1
-0.0933648909709568	0.2940771847602631	1
0.47903694937022134	0.8127511848389611	0
1.1693050598701356	-0.6699820716511471	1
-0.014162275806734605	0.4872013086837637	1
0.1772360414949786	0.03824721784193763	1
0.18224522043634936	0.1551731383492488	1
1.770295233536331	-0.18358327124593943	1
1.8819640258557198	0.36341110497826107	1
0.50401777150833	-0.3107471294424394	1
0.1403558943232482	0.22044765009562278	1
0.19459341985044915	0.03207007278691647	1
1.284175753903817	-0.5556599528233416	1
0.6124573996039683	-0.4066937449562262	1
-0.4585344152516383	0.7998164851231233	0
0.08780916423792354	0.8047696922360806	0
-1.075859609735786	0.21447283716439192	0
0.5104933871067941	0.7416941898470542	0
0.8362085172045458	0.6066189455643503	0
-0.03242188368213272	0.4669754088686718	1
-0.8371154088077957	0.1552717448592036	0
-1.0326843305589526	0.4633776304612597	0
0.7297005352545918	0.6738867108214127	0
0.3284158094124898	1.0236306391584076	0
-0.9012515977571058	-0.015564764412344244	0
0.12594528395770857	0.977173950563122	0
1.9217548346718527	0.3312314072358782	1
2.054004302768503	0.5825436346240284	1
0.7986516847132947	0.41940766992802936	0
0.9150732835213246	0.06560429026397643	0
0.7506163140666935	-0.39678933508543784	1
0.869193230059316	0.5461759388794543	0
0.9427892227457987	0.35958269260778436	0
1.6181581808391141	-0.15484814317348783	1
1.6982392764409857	-0.010992897977671674	1
0.5951521166749411	-0.24362706165622083	1
0.2757738695783911	-0.32865781313974896	1
0.7807392398362422	-0.44321036581608253	1
2.1211304587195015	0.03583659382008378	1
0.020079261106451713	0.4701521238101062	1
0.6449968416452526	0.5248145422623927	0
0.6892150837603661	0.5307367882659657	0
0.10958592222697994	-0.09485198396516	1
-0.8667084270174268	0.6452975937947203	0
1.9983052578742504	-0.06840513551993396	1
2.0651075657156857	0.3556936061731235	1
0.18808244985259487	0.09083395403767716	1
1.4941293627450738	-0.29377983249024603	1
1.865951048016124	-0.03078639552281226	1
0.6967030783024607	0.6572067790326235	0
0.34431594237668617	1.143686797665461	0
-0.731751761467555	0.5720181643194955	0
0.10462054032667956	0.102476977241347	1
1.8623299642859967	0.0529828195680911	1
-0.9617074853324983	0.7289979803666571	0
-0.7813067579502612	0.649775856065085	0
1.4858460189147593	-0.30640974205051463	1
1.8381487515811226	-0.0896085651155861	1
0.8777649960696062	0.36968379144019653	0
1.9938808197558127	0.022686595217081194	1
0.47670678736764405	0.895742055770402	0
1.195847609120414	-0.44794351536893806	1
0.2686248746447497	0.8483754437139371	0
0.24979646776860842	1.1457248474651964	0
-0.45400304597725766	0.8975216566910993	0
-1.0552291704060752	0.13363772946140806	0
0.08411035553009606	0.9248329902547084	0
0.8474838054163979	0.4891544744639156	0
0.3586799108268394	1.0287387600633255	0
0.13537844408623803	0.04985683375993574	1
-0.8542344626488192	0.459755312250114	0
0.7714098645493008	0.6323664878291438	0
0.7586749771742686	0.5167615216033504	0
1.8998245981696311	0.03524194003569116	1
0.008834967989425041	1.1000462660712085	0
0.9075209074637853	0.5743418286592077	0
1.066275953829086	-0.5204812765564002	1
0.5670164402312704	-0.394823431010214	1
-0.5666207791780755	0.7456991999314779	0
0.6515456134457767	0.6833571980675812	0
-0.3947134083750503	0.8712649825747233	0
0.8782466791318254	-0.4370131496907277	1
-0.2556745459897637	1.0871677864563551	0
0.954702640071865	-0.16334730089496108	1
1.1332774122128584	-0.5990384124979519	1
1.5295596205790227	-0.2713894439644172	1
1.2079177544264907	-0.4762392991283291	1
0.1337860103585202	0.8942415881203738	0
1.6178013916980365	-0.08088600787906025	1
1.8089265485315884	-0.08766419061404213	1
0.4917930060017669	-0.174293185276069	1
1.341833334296052	-0.5345991443393765	1
1.1579710638624579	-0.5445918451336395	1
-0.38174794219030633	0.6973693633391869	0
0.45081826586404194	-0.4972926640032385	1
1.213237329297769	-0.6185900615920219	1
1.0569170685776599	-0.4565171893512701	1
0.2922592048640481	0.9079401325840514	0
-0.4474227396355491	1.0080044873112475	0
0.6031617859016232	-0.6109471626007872	1
1.4553933146890872	-0.30917381050956044	1
0.47499634400490953	-0.3681196820151621	1
1.582762151607372	-0.3012966905691017	1
-0.776999713313098	0.6809769055944169	0
0.35271919323850387	-0.2269230275438624	1
0.3017760799397106	-0.09006875682188462	1
0.5870078295214939	0.701020086295609	0
0.7219047362831983	0.760550819044373	0
1.3827148942835912	-0.5155899872100501	1
0.787935503639882	0.4261227767647219	0
1.783503896852539	-0.225883329799591	1
0.9672179749371809	0.3696204673129335	0
-0.6643806114905988	0.7945818729525764	0
-0.5261007474930924	0.8647505757361701	0
0.8214866339185087	-0.5201482525850983	1
1.9336024431593475	0.3515230412310736	1
1.0098620893991803	0.15693917704399735	0
0.9666986630190871	-0.4815379569503672	1
0.3705290326063883	-0.2797273273845196	1
0.7485218299272794	-0.5116245374282433	1
-1.0331421187911796	-0.0737999768786095	0
0.4107285768424537	0.9349561423038629	0
0.9171946750970935	-0.5596675392108534	1
1.6882722141011726	-0.1305647344597012	1
-0.8361177140015882	0.587362603969892	0
-0.25462123666807185	1.0165023936002708	0
-0.4231991693923039	0.9656494174815844	0
2.001963904776812	0.45957054600706904	1
-1.0432693139946834	0.23764692236682716	0
0.7643031814164797	-0.6046494986190138	1
1.6259063462356886	-0.2836576470878435	1
-0.930037592493015	0.29151105283267165	0
0.8430608846717119	0.33698976458082214	0
-0.0879429605957861	1.1463976236136362	0
1.122701788650913	0.11489559056408784	0
-0.27549782689109703	0.9704027180048949	0
-1.1005139852212713	0.42444274548556676	0
0.774442584623283	-0.4997623053036555	1
2.028342500038346	-0.15838133212507877	1
0.9749095456154014	0.0026342770152180672	0
1.7748565580667277	-0.1808626325963157	1
0.9773241233322661	0.1873093067954302	0
0.6183413694435141	-0.5345648212188785	1
-0.19804094415496948	0.9720742959130335	0
-0.30589472131761963	0.9666449973524487	0
0.032090693527026024	0.014160052689124347	1
-0.064391032469932	0.9978684263007275	0
-0.8167050873428294	0.024217366214449476	0
1.4472120762038965	-0.5855297744281944	1
1.8813095249514107	0.13531191579519228	1
-0.5284460534698922	0.8384828498419575	0
0.7689089858191315	0.5031985415956057	0
0.9296276123494127	-0.41173078671467983	1
1.8944536354041484	-0.10320038020168426	1
-0.09019144183083967	0.8284250172751882	0
0.4024588290516086	-0.369943876231895	1
0.34519245984516633	0.9292344180589709	0
0.2925419954994723	0.8327049147177943	0
1.1589410494518557	0.17413816729739762	0
1.192293857110088	-0.4924127135910014	1
0.5281093920808595	-0.3372648788591419	1
0.22331213781834444	0.07860282313965641	1
-0.4549783959946264	0.8371667975072524	0
0.5688111960294507	0.5694252939864377	0
-0.26543022307759495	0.9202889163797559	0
0.9244629184164578	0.11293097837119269	0
1.3452945468771293	-0.4210679736557202	1
2.055326097793293	0.326446534991358	1
0.6225394713274085	-0.5253409357048079	1
0.7926325993868816	-0.5243779068196034	1
0.19200291647983614	-0.36463115379536415	1
1.635412887743692	-0.13233539850757542	1
1.6203508325499825	-0.02638715362308362	1
0.7361796331841091	0.45959116543164763	0
-0.904473717754648	0.2888407494569827	0
-0.8027461007439631	0.5339676856826497	0
0.045591023839469794	0.014596620833705068	1
1.329950489096823	-0.3921181009205368	1
0.12954163809460256	0.22243450971550913	1
-0.18595457793564102	0.3741585701462742	1
1.5764757140238839	-0.22391031394332245	1
1.130962003663605	0.07289185300695253	0
-0.7194913494052537	0.7132466840665055	0
0.6605895807580036	-0.22889298715015666	1
1.0248595751116398	-0.01156739043015717	0
1.0124057693228083	-0.47221629121513337	1
0.1957413047209286	-0.055186292357023284	1
0.07742262233228772	1.1004738605029285	0
0.30191134067726894	0.770047891771538	0
0.41033239934944876	-0.08535055921955331	1
2.1057968918123784	0.35044221836982586	1
-0.5473548436321314	0.8641519734769769	0
0.0183839186805368	0.1786046998503253	1
0.37462376405958037	-0.3876494355710043	1
0.31322871316194745	-0.24530051598507818	1
0.9594773399644684	-0.028157636687603432	0
-0.8064493964364843	0.5118109609975855	0
0.9044427999407256	-0.5691479833056006	1
1.636506657367934	-0.41662578567131175	1
0.8230485764478768	0.8033624164194302	0
-0.5859340759078432	0.7928298732600217	0
-0.44447908522352975	0.8182288433201107	0
2.034522396954322	0.2155365725409661	1
0.9754029370930035	0.12770303764643387	0
0.7889043265702785	0.4528874167677809	0
0.8516738398019945	0.16095835035509568	0
-0.7187561184044264	0.5430656676138107	0
1.047800470734979	-0.06053277690200293	0
0.1780128742097357	-0.3419547415049654	1
0.8476938581638129	0.6116169575441938	0
0.4929526710437099	0.8677781577488788	0
0.6765463808100948	-0.45969738185246395	1
0.02172979151018316	0.41590789990777083	1
-1.0225148898212484	-0.009608450245268269	0
0.9454814779183309	-0.43508197730615683	1
-0.012267612516554352	0.3390328078268946	1
0.24526665556089253	-0.27098992589915083	1
0.8065518172021626	0.5584186180043276	0
2.1203499766043494	0.038062295152026526	1
1.0763278544072916	-0.3933843543678614	1
1.6764366132242257	-0.4283880279130994	1
-0.9661750053148035	0.42358149935091666	0
2.0879383878153073	0.4712754069196622	1
0.6683452414119662	0.851271855264002	0
-0.5190528448878454	0.7843523907798002	0
-0.7173205821739064	0.7377895548453295	0
-0.37007830199407754	0.8272633815331616	0
2.031185810969718	0.35784638745440583	1
1.954607293572495	0.06524382128618618	1
-0.808358251935718	0.539897379711146	0
1.7519389210438938	0.18289692453530493	1
0.12126160537984668	0.18064560593545748	1
0.10520840378976754	0.7796446089200373	0
1.7054312364372337	-0.2874707082141526	1
1.1181637246282394	-0.3441681364154654	1
0.4176329587580712	1.0440478678699057	0
0.14503718916500988	0.45554641079367825	1
0.681779174353915	-0.39104756074821556	1
0.09162599663474587	0.9090707813821965	0
1.638458283806314	-0.2748545750238053	1
-0.9050387397002309	-0.0030669799732921943	0
1.0681469067461196	-0.346167422048858	1
2.0049853842774814	0.47016272640728807	1
-0.4194837772397218	1.0305433819546488	0
1.6729786816372803	-0.1983775475202807	1
-0.14518450679569295	1.017748141333769	0
0.43520034445243333	0.918898335467679	0
0.927381318186844	-0.5076727219143151	1
-0.6356098445388422	0.7077258335383028	0
0.5092188457974771	0.7935475752896668	0
0.18137037240128126	0.017598798236823022	1
0.6013783320356083	-0.3745130842670623	1
0.9774246868632223	0.3812965912092331	0
0.09787510494899211	0.5072535851309056	1
-0.026989597019758893	0.05392502831432388	1
0.5356862105084527	0.8826730292164637	0
1.2394282872739488	-0.47230399857632005	1
0.7280114011083224	-0.6110611157887956	1
0.3205241822065921	0.9349521431848298	0
0.18659777980663797	-0.0529038921505137	1
0.15744221195750047	-0.12964771483917403	1
1.0007521696868997	0.36143547364757295	0
2.1086920880188442	0.2508384598623412	1
0.6875147342050038	-0.44102938431242766	1
1.211374950066751	-0.4579632837700478	1
0.28762730000720116	-0.4161979560136347	1
0.9908828362862492	0.06695379714270029	0
1.298158840348633	-0.33221753505052276	1
-0.9677407024597434	0.5050797510197516	0
1.9370715470952327	0.3631483159241729	1
1.8746362257430431	-0.22582787861701892	1
1.741650873023172	-0.1256287036401157	1
1.7967247345012376	-0.021411550083842157	1
0.4230965275314849	1.1039352254190258	0
-0.855305330515239	0.5338243140567298	0
-0.5153797597878687	0.9668719452569748	0
1.788721475466787	0.3990478862275034	1
0.7126386289154997	0.7209714101694181	0
1.6671930463813356	-0.20826205593460345	1
1.5609153898494073	-0.05736500930348218	1
0.9683856096884289	-0.29110041081888893	1
1.6636824316615164	-0.27676113320163365	1
-0.8924055210060604	0.2865295736462957	0
1.689816481653883	0.3471434254200405	1
2.1247850431560042	0.33511858744729495	1
-0.8506750482000407	0.4098030153764101	0
-0.6092938729330292	0.6934891638382819	0
-0.7048417868503078	0.5530818190676321	0
-0.793105057295868	0.3615065780024401	0
0.11922687021679038	0.23804956873556932	1
0.9439576103723091	-0.4035651009885636	1
0.18438949244378644	1.0406602635081779	0
1.8946697105124892	0.3281498466393078	1
0.832219926942419	0.3622615231183759	0
0.9658030716055923	0.38345787915356744	0
0.6401859781617956	0.7319046167925543	0
0.21145062935369607	-0.12481089283218305	1
0.13171689468040154	1.0301403529962898	0
0.724070429905755	0.3582125753952168	0
0.8137883694323885	-0.5813117284403304	1
2.010316333081722	0.10628632072878619	1
-0.02837875893138104	1.1305829550366469	0
1.4073321458378847	-0.24180826459534008	1
1.9796142972810635	0.4940834503529661	1
-0.36207539458802024	0.9422646462233653	0
0.08643351572419158	0.21528327794862553	1
0.46563750105282226	1.0003425368607237	0
-0.049199930235476017	1.0387716364666115	0
1.111606814666428	0.03429951441268137	0
0.021478397005668753	-0.09111683405510054	1
0.295684361344651	-0.28780863042955757	1
1.0067820803243777	0.142543557092343	0
0.15672587782043662	0.8779603546867158	0
-0.14408615846239858	1.0769798755264208	0
0.3012364901086126	0.9203424795162509	0
1.7054104882838206	-0.14692513367379642	1
-0.892879590638784	0.3577401730494084	0
-0.806413282747706	0.12786850720095805	0
-1.1209478496714436	-0.10622177917451839	0
2.172904862018773	0.3748274008292276	1
1.9106344946340714	0.333356714458377	1
0.9453410162830148	-0.3496362828382406	1
0.15400130577614562	-0.07489387294003778	1
1.0055143230104817	-0.4314352201256233	1
-0.9103248662002178	0.5129881819090684	0
-0.8726687875625257	-0.10902803339376022	0
1.2437844289853384	-0.5050608954286545	1
1.1872789571199507	-0.09110030609563446	0
1.897238698095774	-0.004928826920905863	1
0.24127264944211138	0.8429779171354556	0
2.005966823223167	0.3059003797538631	1
0.05870753997563191	0.9389368931613774	0
0.5430707799657115	0.617163928683371	0
-0.2266560177423349	0.9078131834249282	0
-0.4945867789453181	0.8660702428159266	0
0.5151909720693025	0.8845831437436579	0
2.0745339447275453	0.054723583253111774	1
1.9019297322840603	0.5108594748072606	1
0.9439654103369877	0.3663447897698699	0
0.45192034422420974	0.9710406009303624	0
0.9098871145474638	-0.5232282337141425	1
-0.06590628618719947	0.21010215166969004	1
1.9160367931999391	0.20643956239856875	1
0.32009935697589564	-0.03394783342876337	1
0.49070950088720067	-0.34132358949878017	1
0.01594780121348017	0.31612025901396656	1
0.46232066905480673	-0.46829432158558626	1
-0.20666991078468988	0.8687260393696716	0
-0.14850057084215587	1.0453158327386212	0
0.836017039994929	0.3018930927231478	0
1.0137334948125474	0.16229553697480242	0
1.5175599050338913	-0.3673596353493577	1
0.12204725920008659	0.15744595446252707	1
0.41478437723256517	0.8780402343164015	0
1.7647330521806812	0.01140771629946312	1
0.8610135762561656	0.39808271249068483	0
-0.8271555859091098	0.5714425242827067	0
0.7729818836725921	0.2704676445353561	0
-0.8812662936116179	0.39852390256004877	0
0.6124678056997558	-0.21369077634868894	1
1.506802522831315	-0.5853535005471607	1
0.06305592198119717	0.3007303882209127	1
-1.078290936578189	0.011076029778932697	0
1.3999707863285897	-0.3867193954859684	1
-0.44484422471351187	1.0094315280104396	0
-0.7135982656655961	0.5859259515550582	0
1.652823706587823	-0.3426326843192694	1
0.5115191353008549	0.6833003592283703	0
1.8948984892951848	0.1847245194142787	1
-0.2239068818579415	1.0934592980032096	0
0.41148621701513977	0.7500000212178701	0
1.8120951599638706	0.21126973424166198	1
-0.03229403139218426	0.03446861732869763	1
1.8442556146014197	0.2972765109494331	1
0.4927655699352722	-0.24687061957732434	1
0.9469329441136376	-0.4376654825579866	1
1.9501090827413314	-0.11892926386367045	1
-0.08414537752546733	0.41025714456656004	1
-0.4184007021980377	1.018267748079816	0
0.512520937841463	1.099469731657948	0
1.1579784243405709	0.18017870611456444	0
-0.9594514210725656	0.11475186330062848	0
0.5007163321606296	0.7749722489898522	0
0.9910009821907584	-0.6050817968936884	1
2.057429395208244	0.3079705383985859	1
0.25356333043980367	-0.23719981839734397	1
0.2095606694925115	-0.23595336914633552	1
0.6138814414602369	0.5914711339614191	0
0.754434094597946	0.4128294502171177	0
-1.012915444921184	0.31069133738830157	0
-0.1562923017078043	1.1931398167687512	0
0.007526781838485694	0.8807276962467157	0
-0.8243003136129815	0.3810917402077645	0
1.5493109223218975	-0.4260371824647538	1
-0.2473269389281641	1.009862976849483	0
0.8677468721723044	-0.472792232580708	1
0.8853768171644576	-0.4977459130870337	1
1.5973443606342865	-0.5018878148166348	1
0.029155170930533297	1.0132090087643704	0
-0.6858663101735294	0.633946151805588	0
1.5948464508089428	-0.40424248038425925	1
0.6365196711624516	-0.520025291248428	1
1.6877772637053425	-0.10230915889681189	1
-1.026268978714875	0.11355701402782632	0
-0.10176798120654251	0.34707067062957164	1
1.463884363748095	-0.43029081831122595	1
0.3192108561849296	0.08991380173628691	1
1.4703207273938785	-0.2867782686994732	1
0.7026751964379967	-0.40649483301666645	1
-0.6798511948100731	0.8074364276725778	0
-1.0241167029134053	0.05695973606802376	0
0.3170371184463122	0.9532588019803147	0
1.7475411163676102	-0.20861834170141275	1
-0.6378476093919273	0.7509010466573615	0
-1.0002315628202056	0.1956648997814273	0
1.3918559311453678	-0.4347413503254301	1
1.9953476299151967	-0.2008758176734027	1
2.0182259380945524	0.24650389790508584	1
0.08273226795487333	0.3537139083833171	1
-0.9549465478872391	0.15665294502548296	0
2.0102714349187556	0.05683694150735709	1
2.059439456117519	0.4941517591756279	1
-1.0425499932044777	0.10982267171616569	0
-0.0213524079162423	0.324719428077828	1
0.5362449469481545	0.9961232102811675	0
0.9176662128453792	0.5504728172681937	0
0.8270579924967114	0.6851201218465953	0
0.5972278226256272	-0.3071562188138462	1
1.9285597160333225	0.5787088545939845	1
-0.12588042012805042	0.48902402420412244	1
0.05416255622207228	0.7815886516227304	0
0.7459650913803227	0.7484005481135929	0
1.0493680281705184	-0.6948032296457959	1
0.8774338592760567	0.5980389459774157	0
1.5439068423650268	-0.4689863718097949	1
0.7850534346336158	-0.33086449818994107	1
1.5911464882806154	-0.1400725136680892	1
0.6306002271094774	-0.2920236015307451	1
-0.6149755244566436	0.7992379247046948	0
-0.722153098915789	0.9248360474266496	0
1.001005427576629	-0.4944307730887561	1
0.20485939938681355	1.0877395763853839	0
-0.3255583711605629	0.954393813630964	0
0.9561094806833849	0.2213712828624419	0
1.0788140726257462	-0.600343154421218	1
0.4698172029963311	0.7321197293582782	0
0.6844811994950247	0.7980087387289213	0
-0.03092960529889513	0.038204083027768586	1
0.24209419247004516	1.0094946549562713	0
-0.32247753505860133	0.9746131440866568	0
1.768638355457083	0.02115898401866128	1
0.514873642497544	0.8717301501615214	0
-0.5975300906960883	0.8772285438136036	0
1.0030354144159597	-0.4788136873066119	1
-0.8296489141719126	0.5356608672110851	0
0.877368315216501	0.6075622397979161	0
1.3471845441657289	-0.46437021223659614	1
0.4473646164982693	0.9242023621447866	0
1.426783583645095	-0.5439784134371791	1
1.0243126209219664	-0.4619293306600639	1
0.9059581257168655	-0.38249970910321707	1
0.9624339737570581	0.10439735354608501	0
-0.028830285704762718	0.8971957743564509	0
1.737560237054543	-0.2396978476532834	1
0.2650499891166868	-0.18641869034855107	1
0.8997613931018524	-0.41487380257077766	1
1.832110623496027	0.010459235255581114	1
0.9842929229506503	0.37385379770027005	0
0.9349438953192126	-0.46060901021490175	1
0.8999617870542878	0.6381708134426713	0
-0.9708048312152892	0.22692472599092006	0
-0.2848695582547773	0.9650366102044515	0
0.7414217165012913	-0.5576849216013124	1
1.986310031445891	0.2585329909843245	1
0.449894110164228	-0.30670150695956055	1
-0.5943767803379614	0.7360719966512628	0
0.7331818895704323	0.4259316051980113	0
-0.03337934388463969	0.025429670771098867	1
0.6813141925903939	-0.5124907564721564	1
0.13046952081550148	-0.08158384402847144	1
0.8401186961262151	-0.09137910895932311	1
1.957398523386261	0.2904509078424385	1
0.7830641070264976	0.8671426909641926	0
1.9943335992536941	0.045984049841424596	1
0.9576055505091184	0.41620014355724577	0
-0.6880253148913543	0.7251373126059232	0
-0.9433166271512272	0.12631242533094977	0
-0.23280231168062687	1.0130033601100892	0
0.6682064257397138	0.4658806024893169	0
-0.5400329464280473	0.854891657026099	0
0.9602532324648376	0.47773674938953714	0
1.5474814661123322	-0.33758395564061183	1
1.7834044297591847	-0.3321807854768682	1
-0.7156212437255483	0.703954624339129	0
0.6493302146497467	-0.41591980752066815	1
0.3411541281294743	0.9971259001327458	0
0.6548672028802828	-0.5179367097874323	1
2.0529582938828663	0.16527403858679085	1
1.1958486042648457	-0.4381332803032307	1
2.0098925736882345	0.3362793980619332	1
-0.8811766675713965	0.3339774699784568	0
1.287513610085784	-0.4148393236837399	1
0.7151189133208854	0.7487708772083852	0
0.976508256124599	0.34776418957054844	0
-0.9068701617289504	0.49520659259257477	0
-0.7365937729455238	0.43675330272368296	0
2.0536835699225433	0.3632207283408027	1
0.9800445112375719	0.36280552671630556	0
-0.4375840811447676	0.7646624298879264	0
-0.026623167076208723	0.21400723767816385	1
0.6739329953909726	-0.4386992221291464	1
0.46074520728305235	0.9768062510695431	0
1.0110731225273126	0.43178363540184234	0
-0.9864108297513362	-0.08642848401287825	0
-0.1540678659032853	0.8605564621922712	0
2.0053516721000757	0.2928170259391238	1
0.9708439773423624	0.18495616400365983	0
-1.0124320729491645	0.1734366681544518	0
2.1263842709263323	0.3392224939030064	1
0.43010994404684144	1.0265061436755354	0
1.4953302718111503	-0.43036621647368967	1
1.5149122847752547	-0.38506518264434786	1
0.5122670768728124	-0.4364912533526645	1
1.9898689036507478	0.4672403719398548	1
1.7422294589692395	0.01968667014675487	1
0.41423653044920566	0.9340221712679018	0
0.5389213952098447	-0.3441145706410002	1
-0.7696933207557218	0.7477932135160928	0
0.22804726408867165	0.017782491513764237	1
0.2642356123708265	0.9307721951394057	0
1.3494437346524137	-0.33243301756126936	1
0.43163657980834647	-0.5504460090288311	1
-0.8107469152809452	0.6825840228265542	0
0.31917456070980066	0.7919406802335348	0
-0.08316369796943807	1.0955983249794157	0
0.2577051927473204	0.10569179863926603	1
1.7895839220116376	0.3627032921676372	1
0.14534639706738392	-0.16469201657208146	1
0.7490539984024135	-0.49672685289365337	1
1.171849280671058	-0.010523098720850318	0
0.06381969344145402	0.02651042723789778	1
-0.9585070617854162	0.4418024291355066	0
-0.01066203122310915	0.4013243636738274	1
2.0002503689399473	0.3380759423319648	1
0.5428370199923408	0.7341613196135648	0
1.9394913949175265	0.15466001501431395	1
0.16004411927913315	0.21980891004918138	1
0.7333095166379564	0.7854204209075626	0
0.8764774128743056	0.4922936164653086	0
-0.2939174572730206	1.1067319139476006	0
-0.9376901838406851	-0.2591192261455766	0
0.8573229287740867	0.5854730588504851	0
0.6241216314349126	-0.32910602722533433	1
1.0678179093545181	0.1700325954327765	0
0.4126260096313897	-0.25094127436053554	1
0.8738337601626641	0.19470273469261248	0
-0.07775014417309176	0.04920558306720297	1
1.4860567464815215	-0.47667113475155576	1
-0.4805469024808391	0.9076156056970814	0
0.8052244632611485	0.5703906238442761	0
0.08197015099109552	0.3966324300424203	1
2.1764088194245614	0.3784486010789224	1
-0.810764205259037	0.7212024347577068	0
1.1767502357784567	-0.5091412657646739	1
0.7629843479261231	-0.4738980848253291	1
-0.3518794323519354	1.0456107728428554	0
0.8310625058500685	-0.2315570348121689	1
0.7070977278676853	-0.6136758239915419	1
0.1564103590681635	0.27822288847836874	1
0.17308382640365375	1.1225305003592996	0
1.5728286528049407	-0.33037652844467713	1
1.016421329849748	-0.05473911089337466	0
0.6187428139118853	-0.3842812005182784	1
0.6481354987293086	-0.4114448427639445	1
0.37751069101692974	0.9405834851941755	0
0.45402148547605964	-0.2140798010238446	1
1.7959993583975873	0.2599813274111042	1
-0.9307010973708628	0.1044383367525753	0
0.675912633227009	-0.47857559123901566	1
0.7231184367009711	-0.540086067991341	1
-1.00021868478744	0.008049114144601015	0
2.0361658251514605	0.45367863816145076	1
0.022271796535607978	0.1544807840997529	1
1.0595494967871997	0.4480115430007916	0
1.94775345663447	0.011278523026770002	1
1.603770915494927	-0.41969493012888065	1
0.10705333962474514	0.9656505974956361	0
-0.9734696235975148	0.08489428730402492	0
-0.9655692227541507	0.19610692055824575	0
0.715726093475206	0.8030506971699314	0
0.5460251256587255	-0.29163192869526433	1
1.7696715763482929	0.2611402994111831	1
-0.04236996496359799	-0.034157617622836124	1
1.3264078254647809	-0.20764740853186087	1
-0.4599860360129943	0.9129418135724684	0
0.21869072125716155	1.0028689931131518	0
0.7154170796884078	-0.23566736923749487	1
0.37277554833329396	0.7382123031060963	0
0.9335182266265349	0.40653692063408237	0
0.09876709847244508	0.27963856074921545	1
0.5700290970841632	0.8446423653506966	0
1.2357999601657197	-0.34073819482990275	1
0.635976085190375	0.913698233141284	0
-0.8578593046126995	0.28416830465055704	0
-0.8050506228213689	0.846738355989587	0
-0.7751925511699295	0.5999578285070291	0
-0.9201750984717858	0.2935202954310315	0
1.5395394169988659	-0.30169252910207583	1
-0.9136739282785071	0.08451786729388344	0
1.565309053008592	-0.43736269963072344	1
0.7550922284566111	-0.44492465462859515	1
0.0069037576817663	0.3305451781883775	1
0.40533099615296875	-0.38733247299191503	1
-0.9451978358647407	0.1346041928967177	0
0.03668628840914942	-0.1025355993861593	1
1.1072323458727409	-0.4538582755961383	1
1.0533748086014207	0.36379360777100306	0
0.534161905523901	-0.4551333640574535	1
0.22529575802973914	-0.17649234942847838	1
-0.5629555810824058	0.8269513485581759	0
-0.8965894995323967	0.6992532252059119	0
0.3802058319293318	1.0564639002602891	0
1.0584932948189978	0.1807160752442925	0
1.8829281561942954	-0.14268307658367058	1
-0.8225466695224242	0.26104639805407337	0
-0.6021804062581821	0.8619586260185309	0
0.6081441782371044	-0.3578537162550036	1
1.203539115722188	-0.6746587157093513	1
1.062992581511032	-0.5074648271023455	1
0.7166164923133682	0.639171482615422	0
0.9877917722116203	-0.42147228420516847	1
1.6398204849751572	-0.24207993555619195	1
0.9629279395835442	0.16191608552011427	0
0.6532596012670171	1.1021807636834973	0
-0.05372717451944628	0.4869463559773121	1
-0.8280201160023364	0.42361048753183234	0
-0.7622397051256771	0.5937549627313334	0
0.8458143833227548	-0.4974886564999209	1
1.7063743171410903	-0.1910384578128369	1
-1.085998585957866	0.14131795647099019	0
1.3838791479638766	-0.3976706230704638	1
-0.4030789563563292	0.8588126536213385	0
0.964150380921258	-0.47644629583623394	1
0.6903756655754595	-0.27398995085328204	1
0.1371601541120305	0.05592430904086805	1
0.6844631660591445	0.7362279028532255	0
0.7856742215721353	0.5082317718801295	0
0.24403664776731437	0.8206289681253769	0
0.4227551570324951	0.8424259488400516	0
-0.9636110464359755	0.6977440983518639	0
1.1010947986178683	-0.5687859914390565	1
-0.4607542339700721	1.0378902366911316	0
1.9203129841817248	-0.11103053995180107	1
-0.21963710389658053	0.9903271113602344	0
0.08752969720102985	0.04415225249387051	1
0.4858930538273073	-0.18437254524702187	1
-0.415449745638649	0.9624624734664665	0
-0.03525479592858722	0.3182492566237525	1
2.0117565662448773	0.1877342610380963	1
0.5083286220073294	0.9264822838606466	0
-0.8500999566947551	0.4031950465984945	0
1.0828196763289482	-0.41719103085088616	1
-0.58043516893246	0.7159625842175908	0
-0.9223303038704422	-0.11664017427651033	0
0.7251972574734287	0.5721772613236965	0
0.5596953163822931	0.8265187728845947	0
1.0589272211659622	0.20538307059985467	0
-0.7944124343025775	0.5360013633102492	0
-0.08512610328975244	0.8497027034589012	0
1.120656288715456	0.4605118297755223	0
0.7312084276787674	0.7542996758728401	0
-0.7927333891615823	0.36800544562725046	0
1.071248957100543	0.29149253596778646	0
0.8637380514597238	-0.7525152500360968	1
-0.8293699407820746	0.6052418220327793	0
0.7456555358845406	0.5757752447563381	0
0.3046214062409851	-0.2254812851444276	1
0.049228254015764916	1.125127149935633	0
-0.05322190698719742	0.28326975106248	1
0.9585994542612879	0.8372695298031942	0
0.8402061602655506	0.42866717236000085	0
0.1725224769137788	-0.22770277822671145	1
0.899084345435329	0.2948177238640985	0
-0.5592408789161458	0.8160275142991575	0
-0.8093954929920774	0.3669095016639967	0
-0.7870567183867416	0.5239072424504327	0
1.0102558120724014	0.4354561922852379	0
1.4490132602821508	-0.4148694560386523	1
-0.5911915238706328	0.8324596183526278	0
-0.8100481075503343	0.632417046082732	0
-0.02948312882432974	0.2910461785043994	1
-0.9732080314467636	0.10506629928132953	0
1.4939873505462196	-0.401158367256921	1
0.9533523938229429	0.32832179738392714	0
0.11584282287997405	0.4448975655530399	1
1.8616113233620974	-0.07038033624086543	1
0.6335456470247028	0.5549669148465148	0
0.18933796518929247	-0.10369163266433754	1
1.0199519053870236	0.3457888948117426	0
1.5932994669778602	-0.32758968295531943	1
0.5535366850112883	-0.45626791027837965	1
1.2946175671252924	-0.3774202983910979	1
0.87769475512569	-0.7488983790467547	1
1.6065811631996108	-0.38575873604491173	1
0.1292705313324396	0.6658898942938167	1
1.9931264693777524	0.13877421052429875	1
0.271707940217137	-0.24862503182367351	1
0.9753667734320283	0.25650546219262044	0
0.5637115243123224	-0.39054785105003575	1
0.5346891538436177	-0.3720484078493059	1
-0.9031175857542908	0.6129476225081503	0
0.6253619207738678	0.9552985667042487	0
1.7333271582883993	-0.23197179530862688	1
-0.7320119741582402	0.5439149596412022	0
0.02185746514283826	0.931374525088914	0
1.0235086506580149	0.11713940983001724	0
0.7699268878692965	0.7521919899634527	0
-0.7465266886610293	0.758036607377149	0
1.5509565577980886	-0.4361593050143341	1
0.7292589483776234	0.48744432200128657	0
0.4102435572703825	1.119953353032721	0
2.1967468483225745	0.5414561763055639	1
0.17433321880119787	-0.07042534886635796	1
1.8383379400683795	0.33925332640752487	1
0.7972002686256031	-0.5316515876132246	1
-0.6684942242705298	0.689360417010419	0
0.07224991049025614	0.3101963665018034	1
-0.6803366575088499	0.8488533390821827	0
1.0093792285688306	-0.4551475460217884	1
1.2328987338051616	-0.5318861145176619	1
0.9822009347975098	-0.4702458689710779	1
-0.6787820073327521	0.7121356310006631	0
0.7598120369108383	-0.4173612972113149	1
-0.7944087444195813	-0.04644823686616914	0
1.2810295090838724	-0.6053918835510719	1
0.30633729886225436	-0.038775098248666	1
0.3180213084833139	0.8913199895014765	0
1.9244369711430156	0.3264776171181139	1
0.2800123166445155	0.9871316311118413	0
-0.6545413559072971	0.713590717591144	0
0.5559949245839533	-0.534093926339677	1
0.630707691317775	0.7850964126580421	0
1.619884032739504	-0.5590732187303058	1
0.6790336745254855	0.7236246672978772	0
0.9291154538884014	0.5682665469279218	0
-0.8489283437182892	0.29063621735546386	0
0.9441832381095443	0.06368162223641967	0
0.20157776651218132	-0.259981701666763	1
0.19971799890409947	-0.04579371267667782	1
0.49014090121794185	-0.27427366319136903	1
1.0349499257318222	0.004614455113436958	0
0.5860593942785655	0.9894465928778187	0
0.0028005941786680873	0.2998674298472681	1
0.6786596340410364	-0.3527965404048178	1
0.1428294102161212	-0.030935798975362166	1
0.42538634682943544	0.6614506823506723	0
-0.018513626781976447	1.0427294607087314	0
0.6340226421985521	0.89414086691081	0
1.816042540016799	0.3021185290596837	1
-0.6743056789981223	0.5325167629406979	0
0.2337391867661621	0.15770213274268174	1
0.9242088034146066	-0.4257606455973555	1
0.7015651858640168	0.6207873951003031	0
1.9210816806027489	0.4795307767448428	1
0.44857882331240023	-0.36597986315673925	1
-0.8643289108757125	0.3746490428028723	0
0.09787622268030427	0.8758140716798071	0
0.9100886777285142	0.16079420821408671	0
0.039263263100243424	0.5814384759062725	1
1.255951097216954	-0.4978468152842131	1
0.8369204398233143	0.4897440461955518	0
0.44547618457074484	-0.27067671435002877	1
0.13313055572675378	0.2441384605371121	1
0.6955467451485721	-0.3475063205505585	1
-0.6945079179099178	0.4932661579841957	0
2.0375884694905273	0.525030444338799	1
0.07451114902730983	0.06445709562075447	1
1.695339207105799	-0.0800991495961812	1
1.497096385034549	-0.4146530797608483	1
2.022848708941865	0.1344877433151025	1
0.7935290647637594	0.48855366525513383	0
0.4563015317566281	-0.49186891126498844	1
0.4785933726257737	-0.5624050804188923	1
-1.0584515628781879	0.22999560218951082	0
0.32457575965591323	-0.17513498818798914	1
0.43431968322546843	0.7743849902572043	0
0.054611913567801984	1.1755302959233158	0
1.6897174683872969	-0.06848747322192404	1
0.9830363132472717	0.06606320409852423	0
-0.01919024767195196	0.9052897238088441	0
1.7204816665299674	-0.18129470174732504	1
0.025974874637449834	0.24634936341427432	1
-0.5112499561112406	0.8774516022622372	0
0.7561180787904671	-0.3528345568202773	1
1.8842611892550294	0.2887809338084192	1
1.906137099511048	0.3724800281387574	1
-0.037005874495779106	-0.027505198497091918	1
-0.35402451058796625	0.8616446252506867	0
0.9542587078300423	-0.47068472300296166	1
-1.0306222124207434	0.166465659731424	0
0.563826077443249	0.8870694157748988	0
-0.09040053103793763	0.929184066825623	0
0.1358804396187617	-0.42592233367907567	1
0.21262289810440105	0.18637467106096578	1
-1.03071517154488	0.10452301636296629	0
1.0131360768744992	0.43549869698995797	0
1.3800585418782896	-0.3232592061748244	1
0.8656173719948779	0.5767659509833581	0
0.19070825373814554	0.02793641744582062	1
0.4598312252844359	0.888709441202409	0
0.15895456017389917	-0.09591009128391836	1
-0.18601766533648842	0.9101535010005584	0
0.8434948037791358	0.340583147111839	0
0.6119146459319491	-0.4062648428014072	1
0.16399391003343963	0.7879369810190032	0
0.5614667568834157	-0.42890800944548463	1
0.3176788025163495	0.8581889581552327	0
1.0041014397697976	0.3013508628676866	0
-0.2969117651773683	0.7621533425543423	0
-0.8837011135320763	0.3245608872493126	0
-1.0194155390083284	0.03156302545801074	0
-0.7921698072812794	0.7401637865705346	0
-0.8834173784764214	0.5371698372952958	0
0.994870099848808	0.01882744894704591	0
1.1230853883237566	-0.5048964528742301	1
1.102485975880578	-0.20401820089196043	1
0.6936352356173411	0.8391268710347176	0
-0.766776838266751	0.7203324640026909	0
1.0682546937966817	0.41194319192220347	0
2.0622685983300255	0.30609432858001007	1
1.011740046916105	-0.38885835271786906	1
1.9103755551636636	0.10353879271848263	1
1.1082263906470724	-0.47091050746428226	1
-0.9229354283670527	-0.030130402056136263	0
0.049854015564145066	0.09051594403181923	1
1.9047573771462658	0.15999101401330787	1
0.025972829686055274	1.004466091164102	0
1.2187540774054755	-0.5466362725140335	1
0.9473438161434169	0.20469642953747708	0
-0.8891471715913639	0.21794819077021663	0
1.1810701518115947	-0.6354971622546933	1
2.0520291447546732	0.44498579253638165	1
0.5035111013689237	-0.3528826113205564	1
-0.1648031740354307	1.0614968274075716	0
-1.0516022222482548	0.011318243141844583	0
0.37809482527764304	0.8698568986755104	0
-0.04903735464884244	0.859389908716001	0
1.6533397021977603	-0.3495987392438066	1
1.835532543860506	-0.08116331039298648	1
0.0756061804986636	0.18031465184831175	1
1.3288698643101373	-0.6038146240470418	1
1.813621518348018	-0.057517342922737386	1
0.7585325305008618	0.3707510750765652	0
0.16080004751199958	0.05585540360816771	1
1.807399072698913	-0.00547932690959603	1
0.9423762430856341	0.711108812745684	0
0.03113638424342366	0.17847323732160397	1
-0.28272442197667275	1.042298870701528	0
-0.7957792697540714	0.48208402054832167	0
-0.3536685703495144	0.9399001620716531	0
1.7846224887908575	0.7179910836732193	1
-0.7333498589460095	0.7827082489202148	0
-0.5376064559376034	0.905220078269131	0
0.9319104260574586	0.17948567266995102	0
0.1673867633966337	-0.16469609896601517	1
0.07105514468435589	0.5154766677762948	1
1.7986257244950252	-0.2753158777183946	1
1.3512643696665447	-0.3558376848782062	1
0.9368243825552293	0.404345496244616	0
0.42454157080690946	0.9120168111251484	0
0.2918012781228808	0.807124216286203	0
1.7974298083437694	-0.17926854059418082	1
1.101069496213821	-0.43326325395102006	1
-0.0013555577822469168	0.5527026811616089	1
0.669450979439821	0.7117115386961971	0
1.4401498108737916	-0.325058506026659	1
0.03521507865144956	1.012486066309691	0
1.9237206732765757	0.2954294217859249	1
-0.07733372086901308	0.3817361480145828	1
1.9629185420225093	-0.012245075818422685	1
1.6398307910859844	-0.2235261753585138	1
0.3287003747352127	0.07633922201358437	1
-0.5229813052878896	0.9208936451114729	0
0.784174130157002	0.16283721987416735	0
0.04574033187172043	0.41006368311993713	1
0.836220457856049	0.5045951550313055	0
-0.8375293318399235	0.3796970116526833	0
0.9930158638610787	-0.026287296298540853	0
-0.10704950844746192	0.4134664205974108	1
0.49567757233711557	-0.5333856020771262	1
0.9922413748284917	0.5770417416926595	0
0.5687493801514809	0.8593236584995476	0
-0.2554559690725079	0.9353719897851853	0
0.7412282016493784	-0.5690049925695895	1
0.03357975120665771	0.02244967773362616	1
1.8602442925890186	0.22916471931283938	1
0.3183870508620008	1.0966548498914455	0
0.839584587502052	0.3641822362162793	0
1.1420107093041807	-0.34077114586901025	1
0.8165116943053755	0.6179328097577259	0
0.030577058136181223	-0.08110773820151569	1
2.0386625108246292	0.11223014400051276	1
0.20271449528969682	-0.2930393202284721	1
0.07963619158682761	0.9796904888685012	0
-1.0505490675766853	-0.11770276722305396	0
0.1687369240461558	1.0407647065883514	0
0.642340258387346	0.4181008892530004	0
-0.13406632595348048	1.1074838228136705	0
-0.9779871323995372	0.1230891449161596	0
1.938046172881057	-0.23447953177595565	1
1.7771524268302603	-0.12194783345087787	1
-0.707427307445688	0.8317643909885882	0
-0.28442654923626465	0.8843257518731841	0
-0.03558726516754966	0.14941191639780405	1
0.7727166824742283	0.4102161885304625	0
1.0165131690683356	-0.012206758320397318	0
-0.8468136736072807	0.27952467831933414	0
0.47037676166796494	-0.4003912403035997	1
1.382935817356705	-0.3525491724188416	1
1.1806166774733575	0.4937202140795889	0
-0.8277584668542093	0.527991823535924	0
1.8277681065084799	-0.14655724841639928	1
0.19599353078796586	0.24682044563229136	1
0.40882169218363795	0.8752734972873362	0
-0.01030112409125472	0.5388428502049306	1
-0.04276671438703808	0.44861188312343236	1
0.3532121168775215	0.9486505115968343	0
1.8209906738788686	-0.030181403281098376	1
1.0327290063463295	0.5033327951660369	0
0.19947848708323032	-0.2356068860724845	1
0.9744029080970367	0.5091799574453861	0
0.05940519718536572	1.005607116036443	0
0.13325529362916325	0.01580504727103601	1
1.0969561505429302	-0.44248784309362693	1
0.21051728115053198	0.8748203316973265	0
1.3206936543562033	-0.33363725206529005	1
-1.0761542718621553	0.019767853921242855	0
0.8196074682195083	0.4438157154106808	0
1.4227251539713712	-0.36636747873820813	1
1.7046012092143024	0.06143414331508569	1
0.9214170706755455	0.21795561120553042	0
0.9698977866819066	-0.06033682259024266	0
0.2040673925800146	0.35734915752332697	1
0.10988251847790514	0.1984614617283424	1
1.2364426492513239	-0.2637894072418048	1
-0.8170763972010925	0.7465925560226137	0
0.8675935166415853	-0.0027780640892569944	0
0.94340096718312	0.22679558344825124	0
0.32745631352729987	-0.1970405334757144	1
0.8948184751689658	0.1050549551096101	0
-0.3932817877935605	0.992593642839935	0
-0.06291460364432383	1.023229414605274	0
-1.161911634723922	0.35593821980852536	0
1.9951185251660277	-0.08090987606118358	1
1.6866780502399639	-0.12344359421017487	1
-0.6124157358340415	0.7266692592373507	0
0.47247458617243393	-0.4021639091330573	1
0.41214552107601277	0.8918416653415444	0
-0.7871993371652762	0.7328997230822741	0
-0.14228414338841316	0.3643737876617461	1
-0.042553704990326374	0.03650282983831898	1
-0.42875788949611116	0.8784358950370884	0
0.6158890404779815	-0.40793456741846296	1
-0.5867660400483888	0.7158340630952597	0
0.8132122667887633	-0.6606718405480628	1
0.72592218451378	0.7667574652826694	0
0.011896628367930859	1.038561283680949	0
1.191974177962908	0.013841126949366261	0
0.07246087292176955	1.083364662290727	0
1.9300222018662272	-0.026425967987833282	1
-0.8843372942838221	0.43240960456941624	0
-0.4806686164281799	0.7977000754302916	0
0.3006381961311749	0.9758643491600109	0
0.9021572562778866	-0.5772878231889007	1
0.7740614542309842	-0.36992788998142223	1
-0.7696039520907423	0.5352755988986091	0
1.975076628139815	0.25231255437599415	1
0.5057538274440471	-0.33841918351199624	1
1.9941484591319767	0.046771139945379306	1
2.0471181138679606	0.3409065622724812	1
-0.7009482690503127	0.7475725713466946	0
1.5780661971292622	-0.26300218711003576	1
1.9014818496738308	-0.1098628827250987	1
-0.1244241680309986	0.2874781882967473	1
1.9782767285426146	0.19168516953365988	1
0.1353171203311771	-0.06577578749211895	1
0.654282453054029	0.77338647912358	0
0.7412646803322781	-0.5826639097081409	1
0.5124425555726486	0.9151608038171039	0
1.8293102700540522	-0.16705244502422562	1
-0.25490336575729694	1.02466433503685	0
2.0185703662731345	0.41287830824395805	1
0.8996776029448055	-0.02795390195849956	0
-0.09016441956211127	-0.1057203996555488	1
0.3119920898344936	1.059371243196612	0
1.8529540799713864	-0.07031274438847286	1
1.6605210208162857	-0.18778412180261334	1
1.291393221082011	-0.4995744091239097	1
1.2909023865167166	-0.41993585033811587	1
0.1960932723584471	1.1181120150963921	0
2.08437247378442	0.32930136964919626	1
-0.9293996998929694	0.16636067485037623	0
0.13890268069259018	0.429179927147733	1
-0.7662891556438901	0.7815130257651393	0
-0.14993977867556282	0.9740410749319813	0
-1.0235742107072727	0.10223062090273795	0
0.25244354697285887	0.0016727927322713748	1
0.3743426261779337	-0.06256055806214618	1
0.04709360409908811	-0.14929508800824612	1
0.19370954992703032	0.03681651874555798	1
0.8924246022852508	0.27875786209725695	0
0.4607929995258784	-0.4816981904193137	1
-0.8432651050593318	0.7699705185220299	0
0.8552353118650532	-0.020548503088760252	0
0.054392618175674964	0.2708955287038652	1
-1.039075600677179	0.30071492428198165	0
-0.6776999198067328	0.7968580380597081	0
0.09211054176835003	0.984636153800058	0
0.19850633514840493	-0.20030532880912089	1
0.16943475456174978	1.066506064646443	0
0.4063670809728315	-0.26876729032582547	1
1.4710695956494415	-0.4597282708217676	1
1.0148463567410557	-0.504446055399651	1
0.13485136855095092	1.036870850133561	0
-0.8936615444041077	-0.1626427643108398	0
-0.6659904657326107	0.5847774629449237	0
-0.9402437955726267	0.3777701679860022	0
0.9834050670766672	0.4614232996124904	0
1.3966882413831234	-0.38761834203909445	1
0.08990747418031927	0.9118766778349141	0
-0.7034341444298788	0.69116974815898	0
1.234424942217122	-0.48018740789064007	1
-1.0894755233249958	-0.05484208571857979	0
0.1868651685857634	0.03840110396059376	1
0.010163580215026948	0.39322362172746017	1
-0.7947352401032997	0.8911512308932146	0
0.8727823002465881	0.6715336322627744	0
0.36028519824406147	0.7395890232822961	0
0.8469960010650864	-0.31966770930811717	1
0.6532729349758511	0.8120966982521766	0
0.16005364520883159	0.14986807200618654	1
-0.25798694838711755	0.9364234469148576	0
-0.4214198363525043	0.813705150987331	0
0.9083791252562015	0.5635393184870615	0
1.590030721612012	-0.14153970699462667	1
-0.9474347752711505	0.5972152968960573	0
-0.050891641767601706	0.9780082420727306	0
1.9472143488239733	0.13848749160801924	1
-0.8892607195316409	0.31509833643887714	0
0.02889601605253563	0.24556250030133825	1
0.3302602668610125	-0.36826609004567956	1
1.483019584853273	-0.28127679841537223	1
-0.9901741092405667	0.5217232703738143	0
0.7295066421061421	-0.36042294972923594	1
-0.9935698377895006	0.12895041236152216	0
0.628687504256525	0.563972665816044	0
1.0494368456245933	-0.25726376879572	1
-1.0048765464226093	0.32831297392374675	0
0.9586223313526301	0.3346240838028897	0
-0.6179594656699823	0.9029780995629644	0
-0.5065062913037963	0.718493917296504	0
-0.8561752257399279	0.5918311852796372	0
1.02742184605835	0.18833922359126415	0
-0.41410615129158335	0.7452668734482082	0
-0.23803329231823273	1.1038072370724472	0
-1.047412787236511	0.2256181722591683	0
-0.650454898740441	1.045473989572844	0
1.6301617393086956	-0.1854549766732755	1
-0.7433926031703663	0.5723930585667171	0
0.37196600278017194	-0.25737650692201214	1
0.22347769690049335	0.9655305390161277	0
0.5301528683848868	0.8078878148211192	0
1.1627583899120653	-0.4933188141084885	1
-0.11890370012236146	0.9618112398262957	0
0.04219287176001216	1.0892605838098	0
0.6718245665775581	0.8066451248398181	0
1.648550903828452	-0.26864666454767727	1
0.11436995125987517	1.0729182290856238	0
0.18589730906855534	0.031103425935374223	1
-0.889816357070325	0.3397743507723303	0
0.05150586439636884	-0.06592034728342125	1
0.02042556618399302	0.9134008619908996	0
-0.25119906106829387	0.7946213807226614	0
-1.0943489821873489	0.3377991351597551	0
1.9463928709944	0.341077039141654	1
-0.91909357681352	0.240562864155194	0
1.0376783665557991	-0.5846031228184579	1
0.5542807789839964	0.8611098851265299	0
1.1781635338372707	-0.45112383724690536	1
-0.851210107058558	0.34294397536593607	0
1.3480413007499457	-0.12655288928635522	1
-0.16001064429292033	1.003729401603087	0
-0.019382660195269616	0.272760930099508	1
0.09225740276954356	1.026712491296171	0
1.8812824439890292	-0.16935857075881855	1
-0.22336655414742917	0.7730146616717184	0
1.859096205108221	0.25145802466119604	1
-0.9405533197292877	0.5848606779404603	0
-0.8869941505419272	0.31976208299819503	0
-0.6628490749707525	0.6985808969713219	0
-0.42133182135352415	0.9954918054242008	0
1.4140293228129541	-0.5214716801067295	1
0.7549855328649764	-0.39619297438290274	1
1.7695649933769204	-0.08729617041892448	1
1.4026340245380424	-0.37101068389289255	1
1.2902060320717905	-0.43690089288046385	1
0.35465449343048505	-0.41263994674957677	1
-0.22459361194261834	1.0020150591014034	0
2.0982808158031805	0.2004792394164549	1
0.910042200394249	0.29157378604728124	0
0.14920554694522697	0.036721584413287114	1
0.06829875374721746	0.3853282127736919	1
0.07130098440666174	0.1653116712064729	1
0.9896992203768994	0.22076752834320837	0
-0.5438266164202358	0.9079910591934653	0
1.090132366549649	-0.5431837265190479	1
0.21837002327391647	-0.20535292705447242	1
0.8371441973154378	0.10161127575029563	0
-0.8411145076774543	0.7845380639535052	0
-0.034627602274647645	0.4507295377653754	1
0.7583534173277303	-0.580708137816494	1
0.9114431272421147	-0.3858501137892214	1
-0.7337473432508428	0.7649173017791536	0
1.7202992991441017	-0.16379597478954205	1
0.10384788532543066	-0.009726837080889564	1
1.4747406400676073	-0.14463939908554746	1
0.6686187811528884	0.5214683588988676	0
-0.6435275794390732	0.5500988165010188	0
-0.9148335218725432	0.38638909752059347	0
0.8750544562756942	0.09482441705021878	0
0.1722907090514299	1.061474919686124	0
1.8620543686635562	0.2656153558914316	1
0.1382565941737079	-0.24135922827788137	1
0.19349261534429574	0.3188893275435317	1
-0.6011250056245341	0.6699737618092342	0
0.1939586322033637	0.44653584598633306	1
0.1294862939941228	0.969902811932859	0
0.08536767850859542	0.12241662695872288	1
1.3186229668454033	-0.6125478642776992	1
0.33564317865847126	0.9205657353955475	0
0.35721168007717063	-0.3415298076054347	1
1.7685671250777242	-0.03344051234057743	1
1.673894092423355	-0.1994812932132635	1
0.9600939043068678	-0.4079304749810118	1
0.26590948046168295	0.9406820983270578	0
1.1583417678846473	-0.5113532554022118	1
0.21224933765193954	0.8218744905000441	0
1.177858504505751	-0.44852316236577755	1
0.9995351874899414	0.42639089971553823	0
-0.34725483950347785	0.8105375320360522	0
1.0434475935588003	-0.4545356974097674	1
-1.1278448612385596	0.07966629971179248	0
-0.923730423697034	0.15235769187203294	0
0.5868356653151363	-0.48389699061039954	1
1.4576200084394106	-0.43373464279571133	1
1.8464226573075897	0.4915716317145651	1
1.4660354705147616	-0.25052541985810994	1
1.8813896568316437	-0.13047790234479809	1
-0.8272607753012673	0.593236286356913	0
0.8824679183294457	0.7223747580054232	0
1.6330408936715723	-0.27656641473920185	1
0.8631769237522564	0.20153808554851985	0
0.18417099749922405	0.8741689181889911	0
0.02584067983218083	0.36094150682428416	1
0.9893992385674608	0.5664561943292121	0
0.12618287647655985	0.2143195646488315	1
0.840927263697551	0.1944230577783365	0
0.8231055138347719	-0.4541773026436964	1
1.9607617829303907	0.07828611172437427	1
-0.6372284781465616	0.36237947824120953	0
0.030844556396670886	0.918127809684127	0
0.533696823492709	-0.5829228516682028	1
0.3559778308431244	-0.2480276527871973	1
0.2236914629804961	-0.01010759979683895	1
0.6005511053361772	-0.4830054348446787	1
1.1681900514598864	-0.40111598609947097	1
1.3395219541271384	-0.4339463251499431	1
1.3564110559732814	-0.5206463432596246	1
0.48980637599958854	-0.2015748591358881	1
0.5307521161441081	0.7993355392030526	0
0.061810182411946676	0.04042584704002303	1
1.9218395713209364	0.07283535374974293	1
1.7782366041136874	-0.15299866834784953	1
0.1099187819846972	1.0533351475981116	0
0.687060431062173	0.6936387011530155	0
-0.9858299356310867	0.5917439079867847	0
-1.0921865272065394	0.27832858114229864	0
1.1309922365683043	-0.4930300783940886	1
0.1252625143607195	0.116585563221252	1
0.5745992108264234	-0.21292588792164394	1
0.23538240847246994	-0.17964266777238452	1
-0.22122223245983064	0.9691591090249886	0
0.4943371690375078	-0.35432859821412277	1
1.7102397497756723	-0.20385924265551714	1
-0.6663834216115118	0.4187571455777971	0
-0.9722786429004496	0.14865381525497168	0
0.7595054927458782	-0.5423427311443316	1
-0.27394736419008126	0.7054382635999366	0
0.2455044098895277	0.09145963722577363	1
-0.2794623937704218	1.0068709724314029	0
0.11452202459425327	0.979049596063466	0
0.7018339485963873	0.7223986533247827	0
-0.09144441904406192	1.1171208157118577	0
1.5238148358371064	-0.31721935904724674	1
1.9272631516742005	0.23661076397448125	1
1.4071034453738298	-0.2766278480602615	1
1.191394718666717	-0.5602306686365051	1
0.15561258560314203	0.39432513632547167	1
1.09645884441681	-0.5061753431262864	1
1.0414797139708996	-0.45408575058678685	1
1.5626002095569713	-0.30541090383537767	1
0.8025080959069323	0.7032737120169431	0
0.765242030208345	0.447944255942478	0
0.12440719800992078	1.0052546032963336	0
0.2021948596264256	0.08814462745972565	1
0.8373035905195049	0.4641205476171364	0
1.5931027948772924	-0.11874780158207981	1
0.820556193898085	0.5406838027490257	0
1.0835809254387785	-0.45220660146424285	1
0.2713309047650939	1.0702270279044044	0
0.5713134589487651	0.8544889991071817	0
1.8321341034960668	-0.0076668434576255	1
0.02065228286975054	0.4158230252854179	1
0.7631791393129808	0.6869355215251859	0
-0.6949782143804341	0.5787416805770965	0
0.9584618751527363	0.6727699657681505	0
-0.6018939532939951	0.4430289693218864	0
-0.5278270126306343	0.8991487114101194	0
1.6143662286708815	-0.28927984940271656	1
-0.8420566396524949	0.1586238742994229	0
-0.20302618700829816	1.1631156945255998	0
0.0013245140795928173	0.36636235043054566	1
0.3133697886022796	0.9065546158613682	0
-0.7754961971404986	0.39941245118134766	0
-0.6876359859599792	0.7093676506384324	0
1.339238380108289	-0.6457927806012713	1
1.5983113392783266	-0.45682344412023057	1
0.6359846187385321	0.6818523914505176	0
1.6113999387588185	-0.21369444014230587	1
0.5835732327602574	-0.5359667477869381	1
-0.2596657599077882	1.0335095447766551	0
1.8478308130420449	-0.13912535263190007	1
1.7089034564329846	-0.25498028078566914	1
1.5405713026732522	-0.3290039007424103	1
1.1378313068956116	-0.4649657308805173	1
1.0383414956262853	0.43470154508398007	0
-0.18311629457394404	0.9927660459468249	0
-0.552267464922171	0.6858144409544513	0
-0.153105637494343	1.097454184873573	0
0.7523614159786808	0.6110880621913778	0
0.08105243086681338	0.16439070711601317	1
1.4957836123236121	-0.4356754293855671	1
0.7442036612464615	0.8338262218629502	0
-0.809470695626377	0.5811279061766338	0
-0.3789362835486219	1.0069734496251408	0
-0.8968759680938778	0.678948426689147	0
2.0045608936388266	0.2716215557945619	1
0.9779901784831118	-0.5662167013214615	1
0.25804621616623713	-0.3175537114023541	1
1.0435152567698631	-0.4824688032610057	1
0.0644776942155451	0.3509632208759288	1
1.948669183188693	0.2589965294299026	1
0.8847337544290583	0.5279511740440647	0
1.5807100737159627	0.032618733988385634	1
1.1149239533732886	-0.37792839403366246	1
-0.9297533935981728	0.4501262865896264	0
1.8571568520492907	0.09814462285945107	1
-0.20721478074550267	0.9907634429691432	0
0.2390563278121125	-0.020432857175936292	1
-1.000554192961524	0.6217998068223783	0
0.08080796107447821	0.06498340594140985	1
0.12087928597181637	0.6366392284207505	1
2.051331882365901	0.22362093813035105	1
0.86595920098962	0.29421897971226185	0
-0.10213555609592541	1.0541479484158032	0
0.8553937199376884	0.2438457959737686	0
1.732813612629995	-0.469987822756344	1
0.2050382445310583	0.8347659036877959	0
0.8975327596276297	-0.5999215592423657	1
0.4485753413279724	0.9014672854621679	0
1.014901533704998	-0.6418630801781408	1
0.9943163273750248	0.4489549255122473	0
0.022528017324310836	1.0506466017462626	0
1.857491008485588	0.019430125688620542	1
0.045744043322846206	0.5696031819776056	1
-0.008047138081298755	0.8464051902319766	0
-0.6922765831126237	0.3645165139971791	0
-1.0371437154623644	0.40464676492286983	0
-0.9499457124995495	0.13652226607991533	0
1.3049003627286426	-0.42038108257050577	1
0.9249969465609891	0.3911031197954854	0
-0.8173347033283817	0.38673886066500585	0
0.09238753847433584	1.085709102673409	0
1.8811540496788859	-0.13274020552436286	1
0.9474145455746699	-0.5005466015561649	1
0.9521949864744734	0.23717066357883004	0
-0.9779093414400916	0.2647565143647588	0
-0.11410878057485635	0.8868732653126515	0
0.327177737495586	-0.06199183831988253	1
0.6284852808756177	0.7550192174287627	0
-0.05474113335768978	0.9860677915168798	0
0.9090875323545566	0.47473953485803905	0
0.3659819173905275	-0.26049480560482635	1
1.5062376140201799	-0.38954018599179474	1
1.1298218416111878	0.003654873614504256	0
0.27828340343855096	0.9127088581724139	0
0.5664130905934608	-0.22947937493741466	1
0.9543306054655425	0.31231684686152733	0
0.5698008576722622	-0.2769925321396599	1
1.0578475982876792	-0.44032842612414	1
0.15102259448064537	-0.3147670950298328	1
0.32444530507355523	-0.1026745806878994	1
-0.13025191514141704	0.11247617491048112	1
-0.6596477371609221	0.6583045169225397	0
0.24102297457926067	0.2716023801496592	1
1.7779490463869576	0.2535704257179197	1
0.15272164371396724	0.9537834321267049	0
1.9102674302923164	0.4535638941311011	1
0.45916401848627797	0.8855096597005127	0
0.7757005062749992	0.605018685160833	0
0.011431767601905757	1.1673964843255882	0
0.27801702267340955	-0.21110129261397048	1
1.410931730308226	-0.5146861743979843	1
0.24439574482542412	1.1512581258946313	0
2.0304412839151835	0.07504019702085138	1
1.9434053709256238	0.1379961918265496	1
0.5775043132608054	1.0024676724182466	0
0.874973399460414	-0.4991461418931103	1
0.2041862334477315	-0.11515949874122497	1
-1.0249546010773551	0.06351619989042948	0
0.42407184119510183	0.979682654175106	0
0.15550517566713484	-0.020170882913664714	1
0.537534049127018	0.721206608693762	0
-0.8042862235645151	0.6739033532378021	0
1.030155213316078	0.00591574779801702	0
-0.9910329665393889	0.3314440190095674	0
0.5956902990648065	-0.5098427167025541	1
0.5290861106732396	0.5848367520884798	0
0.39994114413266413	-0.2993005977100883	1
-0.208122411640695	1.0749914362551536	0
0.9395026647969215	-0.47260210154500387	1
-0.7781070473910412	0.30158533987013625	0
0.4396138597215378	0.7050255618778474	0
-0.019196126572064792	0.2579276460445518	1
-0.8051324952620232	0.7048958861793938	0
0.5053920904356386	-0.14178315777468553	1
-0.6966058721497687	0.9091567296839547	0
0.2997119157258562	-0.1647757632207688	1
-0.05840130381604562	0.34396406741769364	1
1.0652814147071281	0.015098948543024265	0
0.6361284732045192	0.659248299409185	0
0.6524026100818396	-0.3196535288307616	1
0.5305556650272708	0.8130967674760141	0
-0.9618917320238873	0.4013674546459293	0
0.4494032450884282	0.8534010965793993	0
0.13455969358286576	0.5111286117612056	1
0.26351005408875455	-0.24070815945298996	1
1.4555002567247481	-0.4678465195209949	1
0.9067483162311876	0.3620022754347692	0
0.13786895572050187	0.9775816286384513	0
-0.1875565907165149	1.0876590942584627	0
-1.0301072731700665	0.061658852444372365	0
0.2932646790602996	0.8857514920599578	0
-0.01835678486054519	0.43093116508579477	1
-0.04233870118053504	0.8354373848076796	0
0.9624166114200688	0.17600534833333883	0
0.9826417156881377	0.2096511825014518	0
1.8197324949694804	-0.07786976851760699	1
0.4262857104042548	-0.1843455988794409	1
-0.23774439164859307	0.8843667485225392	0
1.8261608341055129	0.34779097934787156	1
-0.2176222961897321	0.2550805886524733	1
0.9722301890644408	0.2380177631876021	0
-0.29435139085351686	1.042718399174204	0
0.06775789481180712	0.9905998830662596	0
0.11254972532020842	0.43063099266756255	1
1.5875750854096775	-0.2634244675797801	1
0.6627144265327589	0.5859409346591815	0
-1.0948912365329502	0.44152374854481197	0
-1.0555588782605034	0.1591632398746678	0
-0.6645846185755653	0.9027952091824615	0
-0.978157794243354	-0.013839684838695175	0
0.24308675424889323	-0.23051988795756875	1
0.8225187329646902	0.36947880075009365	0
0.05940582269346391	0.5135978449152246	1
1.7545692668224087	-0.16789949068609575	1
-0.9791762084387265	0.3037112714420265	0
-0.9731367920232433	0.44236484130845055	0
-0.1986822883654249	1.0087952532137658	0
1.2414975137055106	-0.4048108495796065	1
-0.9100110005292877	0.37203566172195246	0
1.7427357109991901	-0.16543367549116342	1
1.8035197117212853	-0.5774429507251566	1
0.1337419387500746	0.0662196138955069	1
0.7188395033236352	-0.4996902388202544	1
1.8517116902725363	0.015972023567337262	1
-0.1020688374615624	0.939869378080904	0
0.9314895106730956	-0.6782427998315148	1
0.6267891124633821	0.788738963720495	0
-0.5378322195067722	0.9086413063165382	0
-0.508726101341272	0.9749703423519427	0
-0.6507509538229741	0.6514020338461307	0
-0.40659723907631573	1.0222846940259407	0
1.7217189662482206	-0.21604649988374175	1
1.7593951204819234	-0.2758609987823785	1
0.6209552606152234	0.5059393626546165	0
-0.006171884401300419	0.36632739230839884	1
0.6334092107612613	0.6659285981715263	0
0.24103652257026126	-0.3372784229220764	1
1.94960445602356	0.3173286023938762	1
1.8863536399478138	0.49937146409301053	1
0.5102077628087877	-0.2666460475245196	1
-0.5194598412315834	0.7235919161952222	0
1.8325818000406706	0.0997087658916978	1
0.5846091267900411	-0.5385950968433009	1
0.7660860044016213	0.6324135706219001	0
1.330223688594293	-0.588882535135062	1
0.23489196884089714	-0.09257933090384825	1
0.1977211874922225	1.0351175537062756	0
-1.052495430174944	0.3775434053346688	0
0.5463223798633474	0.9174936957897334	0
0.08368333115662699	0.9839078841734044	0
-0.1816213646029181	0.8291777269519219	0
0.7286972899782369	0.42189765204538987	0
0.8936884749898718	0.1830588412638035	0
-0.05728003125578171	0.06434048745740922	1
1.75356852009525	-0.18274788676068632	1
-0.22845106964598086	1.1397253136761998	0
0.15812700733540094	0.46735440506733983	1
0.811246180381546	0.581956908537218	0
0.7512348624795311	0.7203766520441536	0
1.1596320292837254	-0.42041537774623666	1
0.045263001164746824	0.09755255470810661	1
1.2160641325168209	-0.3334778058799007	1
1.804022634337472	-0.11134341651401129	1
0.2442427928551524	-0.025164998497802335	1
1.0604722197880925	-0.576771122854178	1
-0.7678104617246726	0.8954607343058754	0
0.5327212480752384	-0.30983883332082635	1
-0.12175723967735239	0.43768795776648883	1
1.173635617287193	0.020637556628792977	0
0.812538041745342	0.28834897460635356	0
0.3217793657696192	-0.402618053503595	1
1.789770487317516	-0.2941132848646984	1
0.9609163090356437	0.09299172405553702	0
-0.4643986180304568	0.9001265623773528	0
1.9994974603728053	0.34470331875103405	1
0.98553099001787	0.4461524386304409	0
1.8955507446226134	0.07381095400506925	1
-0.7980965208094046	0.8122381264110756	0
0.7501132224388242	-0.3657801806175007	1
0.21803340078979133	-0.15512314968770088	1
1.0689416587851976	-0.39901013589181383	1
0.2078401950277593	0.9355660114181281	0
-0.8844409480862478	0.46649787735378156	0
0.4648018314047114	0.8971093897071302	0
1.8213996510285706	0.07946851869597393	1
-0.3250656181841637	1.0511954124398342	0
-0.10662194931631946	0.10499578625838991	1
1.953294244599898	0.06568596964668796	1
0.3138593865115104	1.1084639089389414	0
0.7714389097416935	0.3944544405265681	0
1.8042117227180516	0.29608288248401093	1
0.3257077204780844	0.010112679433169555	1
0.4828981800915467	0.8687219404913203	0
0.9476606349006598	0.4229687714792553	0
0.4822156228009612	-0.24148576562360863	1
1.00791453159716	0.06155445451701552	0
0.6912696459388494	-0.248684518954084	1
0.14543718965697208	1.006869659186169	0
0.25063235693181085	0.004769175724469471	1
1.5977830820384356	-0.10207163614136545	1
0.0833163117039788	-0.23818735330875762	1
0.018935629396765435	-0.12391158641127893	1
0.8779255764294599	0.4575875684649644	0
0.6196399146124867	-0.4120441111966832	1
-0.3343794293704013	0.9419668363137774	0
1.0034238343781656	-0.36972994123945235	1
1.095021880994426	-0.3340746509418646	1
-0.4106555641973152	0.7829429016450573	0
-0.10604277285636757	0.3962518260608958	1
1.6734589382337621	-0.374760140475396	1
0.36123140828610195	1.1027188506879155	0
1.6930245562794732	-0.20748232535482508	1
0.7583843914460875	-0.461726765761592	1
0.9318413558108946	0.07086513237219853	0
0.9341004612322759	-0.4670851591251603	1
1.3429323705213994	-0.44700214140694544	1
-0.06824473163115014	-0.08342933997998243	1
0.4303894674971648	0.8812374484051075	0
1.1239986052165953	0.09542272731828072	0
1.4168861492224805	-0.38092821661751575	1
1.474004801736896	-0.4478287763458344	1
-0.13365993776299445	0.19915212570405855	1
-0.3787638423049014	0.9490196725286112	0
0.8743733349436147	0.3510484019269645	0
0.418254776080223	-0.18051830622387643	1
-0.42463277433326463	0.995285180774651	0
0.21889413723189094	-0.3326461378311079	1
0.6009712446551493	0.9973782667430593	0
0.46221879058044757	-0.38835734426829105	1
-0.5073555727321013	0.7963660219410216	0
-0.9387110101713262	0.2820252422940603	0
1.9084964390466292	0.15065871769126044	1
1.1945881087029033	-0.5452539577634413	1
-0.7115590094768804	0.7187015243854403	0
-0.9604427236196769	0.664850940159153	0
1.1684339444777339	-0.599953825906359	1
0.20544970377521315	-0.052333580129386686	1
1.0381738357078367	0.09370207147542454	0
-0.8697146707454088	0.5009317641118374	0
-0.8378071591682537	0.26310837653845676	0
1.9914389304422873	0.4026691577453729	1
1.0458154945007925	-0.04835847663115343	0
2.1660008739855763	0.20452318872425146	1
0.2721575100811956	0.9074129906934522	0
1.4200211448571336	-0.4415005494463741	1
2.0259083110654883	0.5320787199290625	1
-0.21696233346177898	1.0859312223770412	0
0.9097846917696069	0.2927923886558596	0
-0.5101575702832641	0.9897753613123967	0
0.656804785429627	0.6345846238441458	0
0.5110758254878944	0.9661596584693035	0
0.4998649084665242	-0.21544834914670957	1
0.8973624418304161	0.35896010909895537	0
0.6347024361660719	0.8664839641385921	0
1.4027642474036817	-0.3732848346854189	1
1.995940481606151	0.4443599387886643	1
0.9553889685971728	-0.37931781650142005	1
0.11935399295033908	-0.16670193285615745	1
0.9508321816040126	-0.475347541433862	1
0.5478959402904339	-0.4964865643059687	1
1.6529691009516676	-0.09983295493982675	1
0.8204718478682093	0.2550139957512373	0
-0.6241868568312403	0.84821616553838	0
0.5261663868062252	0.5808722368453969	0
1.1279681547371605	-0.09340553300455244	0
0.9695996256781322	0.2830397151263244	0
0.19027217003171182	-0.041833302097628255	1
2.000349439853654	0.3211326384657402	1
0.8355256072286894	0.318003144083448	0
-1.0356603581519184	0.43193506394447123	0
2.0884379542601086	0.3572129880278319	1
-0.17043404681756646	0.2832505210098159	1
-0.5679715367119361	0.8838052936789708	0
-1.0268328362575079	0.05701944941286424	0
1.9054526062239325	0.09772359922719967	1
-1.075854114706143	0.3170381180161548	0
0.7184315292531636	0.8580544399429694	0
-0.8894167524126401	0.07490257549660301	0
-0.37600962146975525	0.7703098757288145	0
-0.05278977012760994	1.1127258560830076	0
-0.3954425684411088	0.756957304769473	0
0.9787378920483462	0.2723237651511478	0
0.6105906951502578	-0.3915586917223163	1
1.0027637072079236	0.4023317290324131	0
1.9759264655067945	0.4372720676586119	1
-0.9214330073610081	0.2925812382978698	0
0.998526491508132	0.4625401169504287	0
0.5104489640598568	0.8729480956701238	0
0.7791692135343715	0.9234596130017548	0
-0.3919225976539059	0.8992038964040454	0
1.117079837181781	0.2065481729860364	0
1.932934531921055	0.4070214526195805	1
0.8265659814616316	-0.49420087358457765	1
1.17590756138598	-0.3930412429161713	1
-0.18511533568758343	0.8990745161723597	0
0.552826351114785	-0.41471167365239336	1
1.7509954395317446	-0.17308401067436108	1
0.8661431598715679	0.010618164766019345	0
-0.16103090788780638	0.9540910075833328	0
0.38523674146645237	0.9025400002363064	0
1.6296840543440347	-0.10156112149667372	1
0.03686655820733874	0.8891945307867606	0
1.7168389701393914	0.002831866803374987	1
0.8466590803682449	-0.6062412010111998	1
0.9485510833000882	0.18975305355531724	0
0.4136181268218006	-0.15050833403558747	1
1.0333885216023666	-0.519739606794488	1
1.9286250152334987	0.3905164846821339	1
0.4360713919313517	0.9742462539723002	0
1.581816021907365	-0.4391246826387001	1
1.8971364199640874	-0.08336089833496291	1
-0.9230821335898115	0.6501598781495581	0
0.8552313484072989	0.3800598888513762	0
1.770602609551027	0.020657634422740982	1
1.0173696607507197	-0.6134895440599751	1
0.4067954749097516	-0.2150746693261647	1
0.08983500146434142	0.0702863871873183	1
0.6587466030537817	0.827449355047994	0
0.7403016947422763	0.7179329868710125	0
0.40533878757806585	0.8659129861915584	0
0.45292028286779956	0.45005152904660656	0
-1.0197585828860958	0.15601226340368346	0
-0.9990271750344749	0.16192940102021747	0
-0.9339856298565662	0.3888875299512903	0
1.5807598195194446	-0.5645933862211585	1
0.35952166226419263	0.9802446843133789	0
0.2892781146669493	0.815266012537179	0
-0.5256981290892251	0.841479896665667	0
1.6315046429236504	-0.2088521699517198	1
-0.17926772712772393	1.0699574388502953	0
0.04807653519233212	0.9396556847527533	0
0.16206737203773963	0.8753490806933533	0
0.9137590213562887	0.434253205970294	0
0.05711132303845874	0.3003113862564226	1
1.585540603515069	-0.36815063085145966	1
0.8982281264754967	0.1543511812474147	0
-0.7081764081791417	0.7230020811945734	0
1.9829683170203645	0.22130711177300852	1
0.11530291661526029	0.1805437871691989	1
-0.022545247178212713	0.4769393270720331	1
1.9145119003577473	0.6008309697808689	1
1.8823116836823695	-0.1400619807473872	1
-0.8305437150226421	0.437213616988798	0
0.33884920787282086	0.872786579669563	0
1.7510829017272027	-0.18527853881110584	1
0.5826845929297642	-0.3212762283748528	1
1.3899827115972234	-0.39613317685907645	1
0.586212726569289	0.6371083223425479	0
-0.7934641223536356	0.8380325900557704	0
0.5044211130313238	0.8730733020973528	0
-0.78664038807214	0.36862690612317317	0
1.7890825800877992	0.3550111411288449	1
